
$orca_opt_file

$trust
    0.300000000000

$epredict
    0.000000000000

$ediffsc
  1000.000000000000

$ctyp
  3

$coordinates
 1 15
 -10.14022985   5.43701128  -0.23652350 -12.93152403   7.31750799   0.01541782
  -8.72732290   6.52253861  -1.29116668  -8.80339037   4.59831340   2.74664946
 -10.63084293   3.69037754  -1.23434687

# redundant internal coordinates
#  nbonds nangles ndihedrals nimpropers ncartesians
# bond  definitions A B
# angle definitions A B C
# dihedral definitions A B C D
# improper torsion definitions A B C D
# cartesian definitions A x/y/z
$redundant_internals
 4 6 0 0 0
   1   0   0
   2   0   0
   3   0   0
   4   0   0
   1   0   3   0   0
   2   0   3   0   0
   1   0   4   0   0
   2   0   4   0   0
   3   0   4   0   0
   1   0   2   0   0
$energies
 1
 -959.2461813602415077

$gradients
 1 15
  -0.0000426769101359   0.0000139808876810   0.0000274551078617  -0.0000150121034875
   0.0000043245091765  -0.0000998868027763  -0.0000038737255154  -0.0000088693506819
   0.0000106354461808  -0.0000760333221538   0.0000190179058517   0.0000008335340890
  -0.0000140876655264  -0.0000056329911765   0.0000000195217693

$redundant_coords
 1 10
   3.3750652544291486   2.0704945997764348   3.3748888559774830   2.0705270079974469
   1.9824001792815753   1.8862300621384529   1.8860128041931068   1.9374486207016155
   1.8862053783564374   1.8862783187907559

$redundant_gradients
 1 10
  -0.0000146933969441  -0.0000008894278188  -0.0000148443966365  -0.0000008504530546
   0.0000544521477505  -0.0000126624567839  -0.0000124626824428  -0.0000041491186922
  -0.0000125864503883  -0.0000126308137274

$hessian_approx
 15 15
                  0          1          2          3          4          5    
      0       0.744356  -0.045099   0.032539  -0.245396   0.120989   0.004227
      1      -0.045099   0.706055  -0.020917   0.121232  -0.146951  -0.002889
      2       0.032539  -0.020917   0.725750   0.016058  -0.010837  -0.068492
      3      -0.245396   0.121232   0.016058   0.237617  -0.130793  -0.017233
      4       0.120989  -0.146951  -0.010837  -0.130793   0.131580   0.011688
      5       0.004227  -0.002889  -0.068492  -0.017233   0.011688   0.049121
      6      -0.240070  -0.075631   0.073364  -0.013666  -0.022376   0.015605
      7      -0.065782  -0.187800   0.053512   0.015988   0.026177  -0.018256
      8       0.083172   0.068398  -0.199326  -0.001852  -0.003033   0.002115
      9      -0.112097   0.029333  -0.099997  -0.001724   0.000676  -0.024144
     10       0.029572  -0.084063   0.063222   0.001180  -0.000463   0.016531
     11      -0.088169   0.055268  -0.264814   0.001104  -0.000433   0.015467
     12      -0.146794  -0.029835  -0.021965   0.023169   0.031504   0.021545
     13      -0.039680  -0.287241  -0.084980  -0.007607  -0.010343  -0.007074
     14      -0.031769  -0.099860  -0.193117   0.001923   0.002615   0.001789
                  6          7          8          9         10         11    
      0      -0.240070  -0.065782   0.083172  -0.112097   0.029572  -0.088169
      1      -0.075631  -0.187800   0.068398   0.029333  -0.084063   0.055268
      2       0.073364   0.053512  -0.199326  -0.099997   0.063222  -0.264814
      3      -0.013666   0.015988  -0.001852  -0.001724   0.001180   0.001104
      4      -0.022376   0.026177  -0.003033   0.000676  -0.000463  -0.000433
      5       0.015605  -0.018256   0.002115  -0.024144   0.016531   0.015467
      6       0.227847   0.083695  -0.081108   0.025533   0.014179  -0.007456
      7       0.083695   0.174876  -0.070896  -0.003607  -0.002003   0.001053
      8      -0.081108  -0.070896   0.171058   0.030494   0.016934  -0.008904
      9       0.025533  -0.003607   0.030494   0.090207  -0.029438   0.098016
     10       0.014179  -0.002003   0.016934  -0.029438   0.062027  -0.061416
     11      -0.007456   0.001053  -0.008904   0.098016  -0.061416   0.266210
     12       0.000355  -0.030294  -0.030706  -0.001920  -0.015493  -0.003496
     13       0.000132  -0.011250  -0.011403   0.003036   0.024502   0.005528
     14      -0.000405   0.034588   0.035057  -0.004370  -0.035271  -0.007958
                 12         13         14    
      0      -0.146794  -0.039680  -0.031769
      1      -0.029835  -0.287241  -0.099860
      2      -0.021965  -0.084980  -0.193117
      3       0.023169  -0.007607   0.001923
      4       0.031504  -0.010343   0.002615
      5       0.021545  -0.007074   0.001789
      6       0.000355   0.000132  -0.000405
      7      -0.030294  -0.011250   0.034588
      8      -0.030706  -0.011403   0.035057
      9      -0.001920   0.003036  -0.004370
     10      -0.015493   0.024502  -0.035271
     11      -0.003496   0.005528  -0.007958
     12       0.125190   0.044118   0.034621
     13       0.044118   0.284332   0.097928
     14       0.034621   0.097928   0.164229

$bmatrix
 10 15
                  0          1          2          3          4          5    
      0       0.827034  -0.557173  -0.074648  -0.827034   0.557173   0.074648
      1      -0.682401  -0.524284   0.509368   0.000000   0.000000   0.000000
      2      -0.396114   0.248511  -0.883932   0.000000   0.000000   0.000000
      3       0.236951   0.843570   0.481918   0.000000   0.000000   0.000000
      4      -0.195061   0.139719   0.433893  -0.021090   0.008275  -0.295423
      5       0.559790   0.095759   0.295502   0.000000   0.000000   0.000000
      6      -0.611200  -0.058874  -0.180952   0.153750   0.209062   0.142975
      7       0.313073  -0.224407  -0.696705   0.000000   0.000000   0.000000
      8       0.128341  -0.546145   0.308376   0.000000   0.000000   0.000000
      9      -0.179897   0.583004  -0.193907  -0.132708  -0.217286   0.151537
                  6          7          8          9         10         11    
      0       0.000000   0.000000   0.000000   0.000000   0.000000   0.000000
      1       0.682401   0.524284  -0.509368   0.000000   0.000000   0.000000
      2       0.000000   0.000000   0.000000   0.396114  -0.248511   0.883932
      3       0.000000   0.000000   0.000000   0.000000   0.000000   0.000000
      4       0.000000   0.000000   0.000000   0.216150  -0.147994  -0.138470
      5      -0.308795   0.043622  -0.368794  -0.250995  -0.139382   0.073291
      6       0.000000   0.000000   0.000000   0.000000   0.000000   0.000000
      7      -0.003976   0.339193   0.343800   0.000000   0.000000   0.000000
      8       0.000000   0.000000   0.000000   0.035555   0.286952   0.064742
      9       0.312605  -0.365718   0.042369   0.000000   0.000000   0.000000
                 12         13         14    
      0       0.000000   0.000000   0.000000
      1       0.000000   0.000000   0.000000
      2       0.000000   0.000000   0.000000
      3      -0.236951  -0.843570  -0.481918
      4       0.000000   0.000000   0.000000
      5       0.000000   0.000000   0.000000
      6       0.457449  -0.150189   0.037977
      7      -0.309097  -0.114786   0.352905
      8      -0.163896   0.259192  -0.373117
      9       0.000000   0.000000   0.000000

