
$orca_hessian_file

$act_atom
  0

$act_coord
  0

$act_energy
     -959.246181

$hessian
15
                    0                  1                  2                  3                  4        
    0      3.8005326090E-01   1.4178346526E-01  -6.5435676057E-02  -1.0264355121E-01   4.2717202103E-02
    1      1.4178346526E-01   4.9907172409E-01   3.9670958170E-02   4.2949820937E-02  -6.8517755815E-02
    2     -6.5435676057E-02   3.9670958170E-02   3.8234936659E-01   2.8532356276E-02  -1.9080363465E-02
    3     -1.0264355121E-01   4.2949820937E-02   2.8532356276E-02   1.4798832771E-01  -8.4979315112E-02
    4      4.2717202103E-02  -6.8517755815E-02  -1.9080363465E-02  -8.4979315112E-02   7.9107429251E-02
    5      1.2103916584E-02  -8.2294837742E-03  -3.5489596119E-02  -1.2740082575E-02   8.8832476338E-03
    6     -1.7681698692E-01  -1.1532714627E-01   1.0208321047E-01  -2.0422506237E-02   6.4168632590E-04
    7     -1.1454362052E-01  -1.3315862408E-01   7.3986887706E-02   2.1883244208E-02   3.9198348847E-03
    8      1.0259319972E-01   7.4941454301E-02  -1.1399726744E-01   1.9494388388E-03  -3.7776376037E-04
    9     -4.0452018079E-02   2.6450570667E-04  -3.6180920984E-02  -1.7734332649E-02   1.4105478495E-02
   10      5.2378367421E-04  -3.9419930416E-02   2.2463428053E-02   1.4093343843E-02  -5.4297088854E-03
   11     -1.9723554385E-02   1.1732024217E-02  -1.2671290864E-01  -1.8687748450E-02   1.2490306071E-02
   12     -6.0100235288E-02  -6.9557619987E-02  -2.9042353434E-02  -7.2076089268E-03   2.7451957526E-02
   13     -7.0223335063E-02  -2.5779514388E-01  -1.1715189653E-01   5.8887979835E-03  -9.2119292764E-03
   14     -2.9735305421E-02  -1.1810841218E-01  -1.0619681525E-01   1.1184122020E-03  -1.8339070305E-03
                    5                  6                  7                  8                  9        
    0      1.2103916584E-02  -1.7681698692E-01  -1.1454362052E-01   1.0259319972E-01  -4.0452018079E-02
    1     -8.2294837742E-03  -1.1532714627E-01  -1.3315862408E-01   7.4941454301E-02   2.6450570667E-04
    2     -3.5489596119E-02   1.0208321047E-01   7.3986887706E-02  -1.1399726744E-01  -3.6180920984E-02
    3     -1.2740082575E-02  -2.0422506237E-02   2.1883244208E-02   1.9494388388E-03  -1.7734332649E-02
    4      8.8832476338E-03   6.4168632590E-04   3.9198348847E-03  -3.7776376037E-04   1.4105478495E-02
    5      2.9123023407E-02   8.1484024607E-03  -8.8880853774E-03   2.7991156852E-03  -1.8279057221E-02
    6      8.1484024607E-03   1.9120610289E-01   1.0910001789E-01  -9.9501966960E-02   7.2245570706E-03
    7     -8.8880853774E-03   1.0910001789E-01   1.3684618130E-01  -8.1707827849E-02   1.9942021016E-04
    8      2.7991156852E-03  -9.9501966960E-02  -8.1707827849E-02   1.2237351863E-01   4.9850303271E-03
    9     -1.8279057221E-02   7.2245570706E-03   1.9942021016E-04   4.9850303271E-03   5.2104988772E-02
   10      1.2231889790E-02   8.3519285285E-03   1.1089812158E-03   1.4767193390E-02  -1.9486010466E-02
   11      9.6422329571E-04  -1.4223299278E-02   3.5449041173E-03  -2.2074178441E-02   6.1771375926E-02
   12      1.0733284957E-02  -1.0165064921E-03  -1.6512470626E-02  -1.0083134943E-02  -1.3975288632E-03
   13     -3.9647270845E-03  -2.7961143009E-03  -8.7679936255E-03  -7.6548188482E-03   4.8775384996E-03
   14      2.7247335702E-03   3.5897386756E-03   1.3088493202E-02   1.0829515003E-02  -1.2318155876E-02
                   10                 11                 12                 13                 14        
    0      5.2378367421E-04  -1.9723554385E-02  -6.0100235288E-02  -7.0223335063E-02  -2.9735305421E-02
    1     -3.9419930416E-02   1.1732024217E-02  -6.9557619987E-02  -2.5779514388E-01  -1.1810841218E-01
    2      2.2463428053E-02  -1.2671290864E-01  -2.9042353434E-02  -1.1715189653E-01  -1.0619681525E-01
    3      1.4093343843E-02  -1.8687748450E-02  -7.2076089268E-03   5.8887979835E-03   1.1184122020E-03
    4     -5.4297088854E-03   1.2490306071E-02   2.7451957526E-02  -9.2119292764E-03  -1.8339070305E-03
    5      1.2231889790E-02   9.6422329571E-04   1.0733284957E-02  -3.9647270845E-03   2.7247335702E-03
    6      8.3519285285E-03  -1.4223299278E-02  -1.0165064921E-03  -2.7961143009E-03   3.5897386756E-03
    7      1.1089812158E-03   3.5449041173E-03  -1.6512470626E-02  -8.7679936255E-03   1.3088493202E-02
    8      1.4767193390E-02  -2.2074178441E-02  -1.0083134943E-02  -7.6548188482E-03   1.0829515003E-02
    9     -1.9486010466E-02   6.1771375926E-02  -1.3975288632E-03   4.8775384996E-03  -1.2318155876E-02
   10      3.4333953452E-02  -3.8522157786E-02  -3.5784224554E-03   9.3746485935E-03  -1.0994054152E-02
   11     -3.8522157786E-02   1.6951945292E-01  -8.9270616046E-03   1.0874362398E-02  -2.1694905244E-02
   12     -3.5784224554E-03  -8.9270616046E-03   6.9780709067E-02   6.2172240886E-02   3.7270385425E-02
   13      9.3746485935E-03   1.0874362398E-02   6.2172240886E-02   2.6643676999E-01   1.1783931955E-01
   14     -1.0994054152E-02  -2.1694905244E-02   3.7270385425E-02   1.1783931955E-01   1.1433060027E-01

$vibrational_frequencies
15
    0        0.000000
    1        0.000000
    2        0.000000
    3        0.000000
    4        0.000000
    5        0.000000
    6      277.059662
    7      703.479842
    8      732.669681
    9      888.898036
   10     1153.831593
   11     1272.669219
   12     1441.640806
   13     3106.646612
   14     3193.093617

$normal_modes
15 15
                    0                  1                  2                  3                  4        
    0      0.0000000000E+00   0.0000000000E+00   0.0000000000E+00   0.0000000000E+00   0.0000000000E+00
    1      0.0000000000E+00   0.0000000000E+00   0.0000000000E+00   0.0000000000E+00   0.0000000000E+00
    2      0.0000000000E+00   0.0000000000E+00   0.0000000000E+00   0.0000000000E+00   0.0000000000E+00
    3      0.0000000000E+00   0.0000000000E+00   0.0000000000E+00   0.0000000000E+00   0.0000000000E+00
    4      0.0000000000E+00   0.0000000000E+00   0.0000000000E+00   0.0000000000E+00   0.0000000000E+00
    5      0.0000000000E+00   0.0000000000E+00   0.0000000000E+00   0.0000000000E+00   0.0000000000E+00
    6      0.0000000000E+00   0.0000000000E+00   0.0000000000E+00   0.0000000000E+00   0.0000000000E+00
    7      0.0000000000E+00   0.0000000000E+00   0.0000000000E+00   0.0000000000E+00   0.0000000000E+00
    8      0.0000000000E+00   0.0000000000E+00   0.0000000000E+00   0.0000000000E+00   0.0000000000E+00
    9      0.0000000000E+00   0.0000000000E+00   0.0000000000E+00   0.0000000000E+00   0.0000000000E+00
   10      0.0000000000E+00   0.0000000000E+00   0.0000000000E+00   0.0000000000E+00   0.0000000000E+00
   11      0.0000000000E+00   0.0000000000E+00   0.0000000000E+00   0.0000000000E+00   0.0000000000E+00
   12      0.0000000000E+00   0.0000000000E+00   0.0000000000E+00   0.0000000000E+00   0.0000000000E+00
   13      0.0000000000E+00   0.0000000000E+00   0.0000000000E+00   0.0000000000E+00   0.0000000000E+00
   14      0.0000000000E+00   0.0000000000E+00   0.0000000000E+00   0.0000000000E+00   0.0000000000E+00
                    5                  6                  7                  8                  9        
    0      0.0000000000E+00   1.6414422339E-01   2.4707074891E-01   5.1739847075E-01  -9.4520576863E-02
    1      0.0000000000E+00  -1.1711663352E-01  -1.7627196368E-01  -3.3977536137E-01  -1.4195415549E-01
    2      0.0000000000E+00  -3.6419425815E-01  -5.4193202657E-01   3.4581588917E-01   2.7533535773E-03
    3      0.0000000000E+00   3.1677255242E-01  -1.3961486769E-01  -1.3349512889E-01   1.1925526217E-02
    4      0.0000000000E+00  -2.0684658126E-01   9.4616360331E-02   8.9916700320E-02   1.7997551981E-02
    5      0.0000000000E+00   3.0330379409E-01   4.4419205949E-02   1.6525989596E-02  -2.8210827077E-04
    6      0.0000000000E+00   1.6965753374E-01   2.4860183940E-01   3.4304257235E-01  -1.1094592186E-01
    7      0.0000000000E+00  -1.1447842522E-01  -8.7046439572E-02  -2.2819078731E-01   3.9470133575E-01
    8      0.0000000000E+00  -3.7074514677E-01  -4.5747907925E-01   2.2795347576E-01   5.6304790154E-01
    9      0.0000000000E+00  -3.8178900700E-01   4.4198201837E-02  -6.1272338223E-02   1.1983423547E-02
   10      0.0000000000E+00   2.5330393976E-01  -2.6463755457E-02   3.8110046836E-02   1.8011429108E-02
   11      0.0000000000E+00  -1.5890463197E-01   1.6504785728E-01  -1.4680126390E-01  -4.0380844332E-04
   12      0.0000000000E+00   1.6118780066E-01   1.6334289195E-01   3.4209431200E-01   3.9630569639E-01
   13      0.0000000000E+00  -1.2397876283E-01  -2.0959219617E-01  -2.2606556344E-01   3.0283738735E-02
   14      0.0000000000E+00  -3.6838804781E-01  -4.5233264846E-01   2.3341026944E-01  -5.7173116002E-01
                   10                 11                 12                 13                 14        
    0     -1.1718595733E-04  -6.7372873631E-02  -3.0926656293E-02  -2.5672604906E-02  -5.5970708123E-02
    1      3.9262810745E-04   4.4265074928E-02   2.2065495218E-02   1.8457265806E-02  -8.3304256922E-02
    2     -6.3634074054E-05  -4.4582692495E-02   6.8827241029E-02   5.7199324530E-02   1.7029901511E-03
    3     -6.8270430260E-03  -7.5898874052E-03  -3.3342800350E-03   2.6761314225E-05   1.8680552866E-04
    4     -1.0080990330E-02   5.3313016682E-03   2.2802646328E-03  -2.1930376310E-05   2.8433885016E-04
    5      2.2585170750E-04   7.6833788436E-03   1.0390305311E-03  -2.6271413692E-04  -4.6041992025E-06
    6      5.1882299129E-01   5.1219373515E-01  -8.5510144763E-03   4.8096531185E-01   4.8033133042E-01
    7     -3.4261278821E-01  -3.3763442309E-01  -5.0503687616E-01   3.8566905678E-01   3.7651110259E-01
    8      3.4239154467E-01   3.3915819859E-01  -4.9123456836E-01  -3.4260753312E-01  -3.5061981829E-01
    9      6.7620545963E-03   1.1449749796E-03   1.0891686734E-03   1.6127195510E-04   1.9166673679E-04
   10      1.0053222956E-02  -1.0571052384E-03  -6.4697169219E-04  -1.1475565350E-04   2.9194726631E-04
   11     -2.6889964580E-04  -1.1930172772E-02   3.9752257927E-03  -1.9131536009E-04  -9.7701650954E-06
   12     -5.1514089274E-01   5.1727755989E-01   4.5602720678E-01  -1.8167234158E-01   1.7328592954E-01
   13      3.3891098316E-01  -3.4014424852E-01   1.8466604512E-01  -6.0079236013E-01   5.9584639562E-01
   14     -3.4011923573E-01   3.4144131004E-01  -5.0524799259E-01  -3.2299204940E-01   3.3083311157E-01

#
# The atoms: label  mass x y z (in bohrs)
#
$atoms
5
 C     12.01100    -10.140191925390     5.436984372945    -0.236607514362
 Cl    35.45300    -12.931505792309     7.317498749689     0.015585055317
 H      1.00800     -8.727283420391     6.522520251864    -1.291244770793
 Cl    35.45300     -8.803516180849     4.598399229342     2.746721790256
 H      1.00800    -10.630812760866     3.690346206209    -1.234424324799

$actual_temperature
  0.000000

$frequency_scale_factor
  1.000000

$dipole_derivatives
15
    8.3699845777E-01   -4.3786764006E-01    3.2548516045E-01
   -4.3615950402E-01    4.6557462772E-01   -2.0412654936E-01
    3.1985816828E-01   -2.0540992419E-01    6.4574254848E-01
   -4.8461669666E-01    2.4698303163E-01   -1.2144801721E-01
    2.4946933598E-01   -2.7934885949E-01    8.0596090553E-02
   -9.8887821091E-04   -3.0238366209E-04   -1.5281557744E-01
   -5.6259874006E-02    3.0717375414E-02    5.3369297002E-03
    2.9949152849E-02    2.5023541042E-02    5.5056060996E-02
   -6.2658357572E-03    4.2157817829E-02   -2.7479950359E-02
   -2.8683610176E-01    1.1348405700E-01   -1.5427357670E-01
    1.1095122097E-01   -1.8590170972E-01    9.6967129610E-02
   -2.7576673793E-01    1.7867197297E-01   -4.4438854924E-01
   -1.3340478906E-02    4.9186856123E-02   -5.1828517580E-02
    4.8621856266E-02   -2.5993645960E-02   -2.6486118455E-02
   -4.3274778977E-02   -1.1206895213E-02   -2.4758070247E-02

#
# The IR spectrum
#  wavenumber eps Int TX TY TZ
#
$ir_spectrum
15
      0.00   0.00000000   0.00000000     0.000000     0.000000     0.000000
      0.00   0.00000000   0.00000000     0.000000     0.000000     0.000000
      0.00   0.00000000   0.00000000     0.000000     0.000000     0.000000
      0.00   0.00000000   0.00000000     0.000000     0.000000     0.000000
      0.00   0.00000000   0.00000000     0.000000     0.000000     0.000000
      0.00   0.00000000   0.00000000     0.000000     0.000000     0.000000
    277.06   0.00012500   0.63171447     0.004810    -0.003462    -0.010280
    703.48   0.00279230  14.11113139     0.014468    -0.010341    -0.030371
    732.67   0.02693192 136.10289175     0.078111    -0.051504     0.052124
    888.90   0.00013420   0.67821611     0.003688     0.005781    -0.000314
   1153.83   0.00001583   0.08000721    -0.000854    -0.001881     0.000116
   1272.67   0.00842574  42.58024031    -0.033294     0.021897    -0.021865
   1441.64   0.00000103   0.00518508     0.000079    -0.000226    -0.000406
   3106.65   0.00193239   9.76550308    -0.005074     0.003847     0.012392
   3193.09   0.00006567   0.33188591    -0.001456    -0.002073    -0.000018

$polarizability_derivatives
15
    1.0009168691E+00    5.9796188722E-01   -1.8221444600E+00   -2.5591742657E+00    3.6709702422E-01    1.4320868259E+00
   -2.1914233025E+00    1.2531224287E+00    1.0882672148E+00    1.1956875063E+00    1.4198421602E+00    1.5434866424E+00
    2.1897253227E-01    2.1870444655E+00   -1.9194779373E+00    2.3657944809E+00   -2.1880372405E+00    1.3097260698E+00
   -1.1142405450E+01   -1.3009422704E+00   -8.4368966316E-01    4.5603287036E+00   -1.5331770913E+00    6.6095423903E-01
    1.8676975255E+00    6.4673959800E+00    5.7153885056E-01   -5.3673882548E+00    6.6810009941E-01   -9.6979841949E-01
   -4.0766495319E-01   -2.1000172544E-01   -7.7249414689E-01    2.2724343310E-01   -4.4320603320E+00    2.9760344985E+00
    4.9096441810E+00    6.1693558106E-01    2.0403985027E+00    1.6557257403E+00   -2.4068187454E+00   -8.3772530833E-01
    1.6997527575E+00    2.3145716801E+00    1.3619017412E+00    1.3004102791E+00   -7.9197409986E-01   -2.1355185491E+00
   -1.3152221862E+00   -1.0236185151E+00   -3.7689293199E+00   -8.4085975033E-01    2.7712680213E+00    1.3463813342E+00
    6.4785410936E+00    5.7939549472E-01    1.0989182684E+00   -2.4048466685E+00    5.1428130776E+00   -7.6267255417E-01
   -7.7669925998E-01   -3.7475490120E+00   -7.0642969596E-01    3.0900889229E+00   -7.5783295417E-01    4.4758089521E+00
    1.9364331673E+00    8.9104110822E-01    9.9695199354E+00   -1.2102154287E+00    4.0468479086E+00   -2.6024669277E+00
   -1.2536044301E+00   -4.9743086232E-01   -4.7632504177E-01   -1.2491684033E+00   -1.5714167956E+00   -4.9172671293E-01
   -5.9802534814E-01   -6.2862175836E+00   -2.3125059200E+00   -2.1883304803E-01   -5.3768782757E-01   -2.9143435640E+00
   -4.4258555363E-01   -1.8512419097E+00   -3.5207908831E+00   -5.3796826019E-01   -2.0145378725E-01   -3.0276589945E+00

#
# The Raman spectrum
#  wavenumber Activity Depolarization
#
$raman_spectrum
15
      0.00       0.0000       0.0000
      0.00       0.0000       0.0000
      0.00       0.0000       0.0000
      0.00       0.0000       0.0000
      0.00       0.0000       0.0000
      0.00       0.0000       0.0000
    277.06       6.8252       0.5614
    703.48      12.2722       0.1087
    732.67       5.0207       0.7499
    888.90       3.1317       0.7500
   1153.83      11.7828       0.7500
   1272.67       3.0141       0.7499
   1441.64      12.4204       0.7356
   3106.65     108.6957       0.0749
   3193.09      62.6527       0.7500


$end

