
$orca_opt_file

$trust
    0.300000000000

$epredict
    0.000000000000

$ediffsc
  1000.000000000000

$ctyp
  3

$coordinates
 3 15
 -10.29824587   5.32858361  -0.10580199 -13.07919519   7.16209795   0.23188829
  -8.01473860   6.97650228  -1.91643741  -9.05570747   4.51171926   2.89394361
 -10.78542105   3.58684571  -1.10356227
 -10.29316713   5.34655859  -0.09569516 -13.11238253   7.15996307   0.22417379
  -7.99733818   6.97277556  -1.94600381  -9.04934191   4.48381475   2.91206760
 -10.78107844   3.60263683  -1.09451218
 -10.29251472   5.34879502  -0.09447057 -13.11734825   7.15947982   0.22311311
  -7.99470011   6.97209264  -1.95054848  -9.04855543   4.47962247   2.91471761
 -10.78018968   3.60575886  -1.09278142

# redundant internal coordinates
#  nbonds nangles ndihedrals nimpropers ncartesians
# bond  definitions A B
# angle definitions A B C
# dihedral definitions A B C D
# improper torsion definitions A B C D
# cartesian definitions A x/y/z
$redundant_internals
 4 6 0 0 0
   1   0   0
   2   0   0
   3   0   0
   4   0   0
   1   0   3   0   0
   2   0   3   0   0
   1   0   4   0   0
   2   0   4   0   0
   3   0   4   0   0
   1   0   2   0   0
$energies
 3
 -1418.6403368566279823
 -1418.6407354753614527
 -1418.6407425564996174

$gradients
 3 15
  -0.0005053591259767  -0.0016499225246105  -0.0009553525125689   0.0068539165074981
  -0.0017855736130800   0.0004759913988879  -0.0045764526062871  -0.0014305015008658
   0.0053901357550769  -0.0021379927732433   0.0041516761674322  -0.0053797557487600
   0.0002060605459952   0.0007554844735935   0.0004388756724420
   0.0000447559430644   0.0002534949409015   0.0001246469660103   0.0008932181581984
  -0.0002564428793949  -0.0000038619591012  -0.0006446925229287  -0.0002446907197185
   0.0007076496610545  -0.0003140249171956   0.0005543892401989  -0.0007236718127509
  -0.0000968524592640  -0.0002869853999997  -0.0001380796788124
  -0.0000027192032227   0.0000679990696804   0.0000190507151169   0.0000243141719939
  -0.0000237526880994  -0.0000551514648868  -0.0000548828010692  -0.0000540262937352
   0.0000218238427462  -0.0000541563156221   0.0000465183913786  -0.0000364670225851
  -0.0000239590061187  -0.0000207209264933   0.0000174500085752

$redundant_coords
 3 10
   3.3480574528721911   3.3479011355515431   3.3480804477678823   2.0655546825293731
   1.9299712458084037   1.9299928090065850   1.8908284266872339   1.8909207529274055
   1.8908217893987413   1.9299995098441267
   3.3673026901346068   3.3673512306073361   3.3672043299645811   2.0680802677318586
   1.9416370379709382   1.9419781093391233   1.8780857259035872   1.8783278211464156
   1.8781137133362602   1.9422142546778858
   3.3703298519745410   3.3704706467944692   3.3701793919913223   2.0670332502853488
   1.9431255763116293   1.9436498443721182   1.8763258079634602   1.8765496357003877
   1.8763727191895150   1.9439441357420244

$redundant_gradients
 3 10
  -0.0066520124996722  -0.0067248595206740  -0.0066097719062676  -0.0009011520946379
  -0.0042080036356684  -0.0043314775034769   0.0045343063132325   0.0044845755996919
   0.0045227246573362  -0.0044200235607123
  -0.0009066933283516  -0.0009347031302960  -0.0008909967684365   0.0003261041012287
  -0.0004591601797170  -0.0005206678007711   0.0005458076872850   0.0005511761766868
   0.0005403147095449  -0.0005401499959485
  -0.0000573593790322  -0.0000640934509738  -0.0000516768185197   0.0000089234929561
   0.0000181727969198   0.0000011902383507  -0.0000098280986071   0.0000036873704506
  -0.0000141773378804  -0.0000005844471288

$hessian_approx
 15 15
                  0          1          2          3          4          5    
      0       0.723915  -0.021148  -0.012144  -0.266672   0.118134   0.018339
      1      -0.021148   0.653904  -0.043307   0.125645  -0.143304  -0.009476
      2      -0.012144  -0.043307   0.705108   0.023230  -0.011480  -0.072420
      3      -0.266672   0.125645   0.023230   0.240671  -0.131752  -0.026195
      4       0.118134  -0.143304  -0.011480  -0.131752   0.135502   0.013567
      5       0.018339  -0.009476  -0.072420  -0.026195   0.013567   0.054276
      6      -0.197477  -0.087903   0.102146  -0.000748  -0.018595   0.011610
      7      -0.083924  -0.128229   0.070249   0.014452   0.018231  -0.014274
      8       0.106760   0.076673  -0.155944  -0.010695   0.000675   0.001874
      9      -0.107970   0.026552  -0.088461   0.001184   0.000295  -0.025616
     10       0.029962  -0.088847   0.072906  -0.004230   0.000976   0.016996
     11      -0.088286   0.064346  -0.286325   0.010812  -0.003987   0.015061
     12      -0.151751  -0.042994  -0.024692   0.025164   0.032014   0.021822
     13      -0.043043  -0.293591  -0.088404  -0.003872  -0.011462  -0.006788
     14      -0.024675  -0.088254  -0.190428   0.002845   0.001227   0.001211
                  6          7          8          9         10         11    
      0      -0.197477  -0.083924   0.106760  -0.107970   0.029962  -0.088286
      1      -0.087903  -0.128229   0.076673   0.026552  -0.088847   0.064346
      2       0.102146   0.070249  -0.155944  -0.088461   0.072906  -0.286325
      3      -0.000748   0.014452  -0.010695   0.001184  -0.004230   0.010812
      4      -0.018595   0.018231   0.000675   0.000295   0.000976  -0.003987
      5       0.011610  -0.014274   0.001874  -0.025616   0.016996   0.015061
      6       0.182945   0.095495  -0.101227   0.017062   0.013772  -0.012187
      7       0.095495   0.118794  -0.078780  -0.003264   0.000597  -0.002177
      8      -0.101227  -0.078780   0.127362   0.025167   0.006699   0.001367
      9       0.017062  -0.003264   0.025167   0.092098  -0.025739   0.094128
     10       0.013772   0.000597   0.006699  -0.025739   0.060594  -0.060737
     11      -0.012187  -0.002177   0.001367   0.094128  -0.060737   0.279200
     12      -0.001522  -0.022688  -0.020320  -0.002250  -0.014015  -0.004159
     13      -0.002926  -0.009437  -0.005076   0.002082   0.026831   0.002369
     14      -0.000341   0.024985   0.025341  -0.005220  -0.035861  -0.009303
                 12         13         14    
      0      -0.151751  -0.043043  -0.024675
      1      -0.042994  -0.293591  -0.088254
      2      -0.024692  -0.088404  -0.190428
      3       0.025164  -0.003872   0.002845
      4       0.032014  -0.011462   0.001227
      5       0.021822  -0.006788   0.001211
      6      -0.001522  -0.002926  -0.000341
      7      -0.022688  -0.009437   0.024985
      8      -0.020320  -0.005076   0.025341
      9      -0.002250   0.002082  -0.005220
     10      -0.014015   0.026831  -0.035861
     11      -0.004159   0.002369  -0.009303
     12       0.130338   0.047690   0.027353
     13       0.047690   0.287683   0.097915
     14       0.027353   0.097915   0.173188

$bmatrix
 10 15
                  0          1          2          3          4          5    
      0       0.838147  -0.537243  -0.094229  -0.838147   0.537243   0.094229
      1      -0.681749  -0.481623   0.550688   0.000000   0.000000   0.000000
      2      -0.369108   0.257901  -0.892887   0.000000   0.000000   0.000000
      3       0.235930   0.843255   0.482968   0.000000   0.000000   0.000000
      4      -0.203765   0.121355   0.428818  -0.020450   0.019895  -0.295332
      5       0.456762   0.097248   0.148726   0.000000   0.000000   0.000000
      6      -0.613012  -0.068212  -0.167335   0.151838   0.212073   0.141440
      7       0.300276  -0.101689  -0.554961   0.000000   0.000000   0.000000
      8       0.112381  -0.546027   0.312550   0.000000   0.000000   0.000000
      9      -0.067993   0.442985  -0.198463  -0.119871  -0.215866   0.164522
                  6          7          8          9         10         11    
      0       0.000000   0.000000   0.000000   0.000000   0.000000   0.000000
      1       0.681749   0.481623  -0.550688   0.000000   0.000000   0.000000
      2       0.000000   0.000000   0.000000   0.369108  -0.257901   0.892887
      3       0.000000   0.000000   0.000000   0.000000   0.000000   0.000000
      4       0.000000   0.000000   0.000000   0.224215  -0.141250  -0.133486
      5      -0.196710   0.026270  -0.220551  -0.260052  -0.123518   0.071825
      6       0.000000   0.000000   0.000000   0.000000   0.000000   0.000000
      7       0.009556   0.217252   0.201836   0.000000   0.000000   0.000000
      8       0.000000   0.000000   0.000000   0.038856   0.286505   0.066691
      9       0.187864  -0.227118   0.033940   0.000000   0.000000   0.000000
                 12         13         14    
      0       0.000000   0.000000   0.000000
      1       0.000000   0.000000   0.000000
      2       0.000000   0.000000   0.000000
      3      -0.235930  -0.843255  -0.482968
      4       0.000000   0.000000   0.000000
      5       0.000000   0.000000   0.000000
      6       0.461174  -0.143861   0.025895
      7      -0.309833  -0.115563   0.353125
      8      -0.151237   0.259521  -0.379241
      9       0.000000   0.000000   0.000000

