
$orca_opt_file

$trust
    0.300000000000

$epredict
    0.000000000000

$ediffsc
  1000.000000000000

$ctyp
  3

$coordinates
 1 15
 -10.29252485   5.34874379  -0.09449680 -13.11750610   7.15953657   0.22317321
  -7.99456366   6.97213629  -1.95069275  -9.04854125   4.47958153   2.91487763
 -10.78017233   3.60575063  -1.09283105

# redundant internal coordinates
#  nbonds nangles ndihedrals nimpropers ncartesians
# bond  definitions A B
# angle definitions A B C
# dihedral definitions A B C D
# improper torsion definitions A B C D
# cartesian definitions A x/y/z
$redundant_internals
 4 6 0 0 0
   1   0   0
   2   0   0
   3   0   0
   4   0   0
   1   0   3   0   0
   2   0   3   0   0
   1   0   4   0   0
   2   0   4   0   0
   3   0   4   0   0
   1   0   2   0   0
$energies
 1
 -1418.6407425627162411

$gradients
 1 15
  -0.0000149002068089   0.0000230375378529  -0.0000034785388988  -0.0000159664730906
   0.0000006859145566  -0.0000472727652363  -0.0000197492839732  -0.0000313348150028
  -0.0000076603563113  -0.0000401230342261   0.0000361142509329   0.0000053708426727
  -0.0000206665114037  -0.0000124492922749   0.0000197822937670

$redundant_coords
 1 10
   3.3705198114439701   3.3706812689945878   3.3703520165190284   2.0670018126790981
   1.9430843876823138   1.9436553230064038   1.8763443672704325   1.8765260805758948
   1.8764049082083172   1.9439547173386962

$redundant_gradients
 1 10
  -0.0000097322079166  -0.0000129737735909  -0.0000064620219246   0.0000000540406015
   0.0000101022319393   0.0000047373682140  -0.0000090371023406   0.0000000640042944
  -0.0000123090915100   0.0000048293370492

$hessian_approx
 15 15
                  0          1          2          3          4          5    
      0       0.704806  -0.021591  -0.012505  -0.258024   0.109777   0.016027
      1      -0.021591   0.633335  -0.044345   0.124186  -0.135424  -0.005862
      2      -0.012505  -0.044345   0.685480   0.023386  -0.008959  -0.071154
      3      -0.258024   0.124186   0.023386   0.245176  -0.128391  -0.024178
      4       0.109777  -0.135424  -0.008959  -0.128391   0.127975   0.010930
      5       0.016027  -0.005862  -0.071154  -0.024178   0.010930   0.052878
      6      -0.191385  -0.084404   0.096944  -0.008539  -0.015377   0.011719
      7      -0.076436  -0.121041   0.066305   0.010323   0.018590  -0.014168
      8       0.104866   0.078338  -0.152083  -0.001542  -0.002778   0.002117
      9      -0.105922   0.025161  -0.083050  -0.001739   0.001692  -0.025111
     10       0.031594  -0.084690   0.075696   0.001096  -0.001066   0.015820
     11      -0.083626   0.060536  -0.274107   0.001035  -0.001007   0.014949
     12      -0.149475  -0.043353  -0.024776   0.023126   0.032299   0.021543
     13      -0.043344  -0.292180  -0.088697  -0.007214  -0.010075  -0.006720
     14      -0.024762  -0.088666  -0.188136   0.001298   0.001813   0.001209
                  6          7          8          9         10         11    
      0      -0.191385  -0.076436   0.104866  -0.105922   0.031594  -0.083626
      1      -0.084404  -0.121041   0.078338   0.025161  -0.084690   0.060536
      2       0.096944   0.066305  -0.152083  -0.083050   0.075696  -0.274107
      3      -0.008539   0.010323  -0.001542  -0.001739   0.001096   0.001035
      4      -0.015377   0.018590  -0.002778   0.001692  -0.001066  -0.001007
      5       0.011719  -0.014168   0.002117  -0.025111   0.015820   0.014949
      6       0.181504   0.090932  -0.104421   0.019397   0.009213  -0.005357
      7       0.090932   0.111973  -0.078187  -0.002590  -0.001230   0.000715
      8      -0.104421  -0.078187   0.132436   0.021749   0.010330  -0.006007
      9       0.019397  -0.002590   0.021749   0.090205  -0.027593   0.091279
     10       0.009213  -0.001230   0.010330  -0.027593   0.062428  -0.065960
     11      -0.005357   0.000715  -0.006007   0.091279  -0.065960   0.273518
     12      -0.000978  -0.022229  -0.020652  -0.001941  -0.014310  -0.003331
     13      -0.000365  -0.008292  -0.007703   0.003330   0.024558   0.005716
     14       0.001115   0.025334   0.023537  -0.004866  -0.035886  -0.008353
                 12         13         14    
      0      -0.149475  -0.043344  -0.024762
      1      -0.043353  -0.292180  -0.088666
      2      -0.024776  -0.088697  -0.188136
      3       0.023126  -0.007214   0.001298
      4       0.032299  -0.010075   0.001813
      5       0.021543  -0.006720   0.001209
      6      -0.000978  -0.000365   0.001115
      7      -0.022229  -0.008292   0.025334
      8      -0.020652  -0.007703   0.023537
      9      -0.001941   0.003330  -0.004866
     10      -0.014310   0.024558  -0.035886
     11      -0.003331   0.005716  -0.008353
     12       0.129268   0.047593   0.027215
     13       0.047593   0.285989   0.097404
     14       0.027215   0.097404   0.171742

$bmatrix
 10 15
                  0          1          2          3          4          5    
      0       0.838144  -0.537244  -0.094250  -0.838144   0.537244   0.094250
      1      -0.681750  -0.481621   0.550689   0.000000   0.000000   0.000000
      2      -0.369096   0.257885  -0.892896   0.000000   0.000000   0.000000
      3       0.235920   0.843247   0.482987   0.000000   0.000000   0.000000
      4      -0.203750   0.121351   0.428789  -0.020456   0.019895  -0.295315
      5       0.456735   0.097251   0.148720   0.000000   0.000000   0.000000
      6      -0.613014  -0.068198  -0.167329   0.151831   0.212056   0.141437
      7       0.300282  -0.101664  -0.554949   0.000000   0.000000   0.000000
      8       0.112383  -0.546024   0.312560   0.000000   0.000000   0.000000
      9      -0.067987   0.442963  -0.198445  -0.119863  -0.215856   0.164511
                  6          7          8          9         10         11    
      0       0.000000   0.000000   0.000000   0.000000   0.000000   0.000000
      1       0.681750   0.481621  -0.550689   0.000000   0.000000   0.000000
      2       0.000000   0.000000   0.000000   0.369096  -0.257885   0.892896
      3       0.000000   0.000000   0.000000   0.000000   0.000000   0.000000
      4       0.000000   0.000000   0.000000   0.224205  -0.141246  -0.133474
      5      -0.196696   0.026262  -0.220540  -0.260039  -0.123513   0.071819
      6       0.000000   0.000000   0.000000   0.000000   0.000000   0.000000
      7       0.009557   0.217238   0.201824   0.000000   0.000000   0.000000
      8       0.000000   0.000000   0.000000   0.038849   0.286492   0.066685
      9       0.187850  -0.227107   0.033934   0.000000   0.000000   0.000000
                 12         13         14    
      0       0.000000   0.000000   0.000000
      1       0.000000   0.000000   0.000000
      2       0.000000   0.000000   0.000000
      3      -0.235920  -0.843247  -0.482987
      4       0.000000   0.000000   0.000000
      5       0.000000   0.000000   0.000000
      6       0.461183  -0.143858   0.025892
      7      -0.309840  -0.115574   0.353125
      8      -0.151233   0.259532  -0.379245
      9       0.000000   0.000000   0.000000

