
$orca_opt_file

$trust
    0.300000000000

$epredict
    0.000000000000

$ediffsc
  1000.000000000000

$ctyp
  3

$coordinates
 2 15
 -11.47180737   4.78923121  -0.00000378  -9.92868725   4.31014217   1.28419174
 -10.84950544   6.26349916  -1.30345183 -12.02213531   3.11231280  -1.07009711
 -13.08689205   5.47081574   1.08939121
 -11.47175726   4.78920749   0.00001894  -9.91828520   4.30686282   1.29283807
 -10.84533350   6.27347806  -1.31227218 -12.02584161   3.10105136  -1.07725030
 -13.09780985   5.47540134   1.09669570

# redundant internal coordinates
#  nbonds nangles ndihedrals nimpropers ncartesians
# bond  definitions A B
# angle definitions A B C
# dihedral definitions A B C D
# improper torsion definitions A B C D
# cartesian definitions A x/y/z
$redundant_internals
 4 6 0 0 0
   1   0   0
   2   0   0
   3   0   0
   4   0   0
   1   0   3   0   0
   2   0   3   0   0
   1   0   4   0   0
   2   0   4   0   0
   3   0   4   0   0
   1   0   2   0   0
$energies
 2
 -40.4517820652854283
 -40.4519217861210336

$gradients
 2 15
  -0.0000540917963927   0.0000483727127674  -0.0000249077653030  -0.0037178784524050
   0.0011559693930081  -0.0030881017790561  -0.0015024711319862  -0.0035652970824477
   0.0031541393326521   0.0013104150763058   0.0040318632085494   0.0025564670591911
   0.0038985973858907  -0.0016399870608779  -0.0026230254521970
  -0.0000334767667605   0.0000088926892985  -0.0000140808185361  -0.0000378555068091
   0.0000101714694194  -0.0000262793880086  -0.0000126193568784  -0.0000212825037807
   0.0000210337285718  -0.0000028741679155   0.0000368007853258   0.0000089618176564
   0.0000217159221214  -0.0000051479948261  -0.0000151365032726

$redundant_coords
 2 10
   2.0639535268218547   2.0639046764853251   2.0639805964938547   2.0639373612808654
   1.9106460004670316   1.9106165722052757   1.9105974437275111   1.9107025909281350
   1.9106118706180781   1.9106249394736428
   2.0778145034317173   2.0778772432441652   2.0778329168692737   2.0778856851511476
   1.9106525445037070   1.9106137345273346   1.9106457279631794   1.9106486387739545
   1.9105550672300353   1.9106837000116073

$redundant_gradients
 2 10
  -0.0049550462594793  -0.0049954117018000  -0.0049516914333100  -0.0049864278902884
  -0.0000019004673662   0.0000008237846278  -0.0000140210712775   0.0000156667113795
   0.0000164942874934  -0.0000170633648915
  -0.0000327390951993  -0.0000357911794973  -0.0000351130591687  -0.0000361252459815
  -0.0000025439102008   0.0000006938080628  -0.0000080756107486   0.0000097991682955
   0.0000100462661182  -0.0000099181322446

$hessian_approx
 15 15
                  0          1          2          3          4          5    
      0       0.839486   0.000015  -0.000028  -0.260016   0.038438  -0.103036
      1       0.000015   0.839479  -0.000025   0.038388  -0.148118   0.031952
      2      -0.000028  -0.000025   0.839505  -0.102928   0.031960  -0.221862
      3      -0.260016   0.038388  -0.102928   0.244478  -0.044138   0.118439
      4       0.038438  -0.148118   0.031960  -0.044138   0.115837  -0.036734
      5      -0.103036   0.031952  -0.221862   0.118439  -0.036734   0.200717
      6      -0.156416  -0.047589   0.042042   0.035773   0.041414  -0.027576
      7      -0.047868  -0.248954   0.099593  -0.000062   0.000436  -0.000459
      8       0.042325   0.099679  -0.224263   0.017620   0.019972  -0.013169
      9      -0.151807  -0.047889  -0.030502  -0.000704  -0.044983  -0.015552
     10      -0.047577  -0.282112  -0.092956   0.000954   0.034148   0.012225
     11      -0.030355  -0.093112  -0.195519  -0.000414  -0.030726  -0.010552
     12      -0.271247   0.057075   0.091416  -0.019527   0.009267   0.027729
     13       0.056992  -0.160295  -0.038574   0.004839  -0.002298  -0.007000
     14       0.091095  -0.038495  -0.197863  -0.032717   0.015529   0.044864
                  6          7          8          9         10         11    
      0      -0.156416  -0.047868   0.042325  -0.151807  -0.047577  -0.030355
      1      -0.047589  -0.248954   0.099679  -0.047889  -0.282112  -0.093112
      2       0.042042   0.099593  -0.224263  -0.030502  -0.092956  -0.195519
      3       0.035773  -0.000062   0.017620  -0.000704   0.000954  -0.000414
      4       0.041414   0.000436   0.019972  -0.044983   0.034148  -0.030726
      5      -0.027576  -0.000459  -0.013169  -0.015552   0.012225  -0.010552
      6       0.125376   0.054892  -0.048544  -0.002666  -0.005622   0.010255
      7       0.054892   0.231933  -0.114766  -0.009160  -0.019160   0.035628
      8      -0.048544  -0.114766   0.203650  -0.012040  -0.025053   0.044737
      9      -0.002666  -0.009160  -0.012040   0.120184   0.055056   0.035126
     10      -0.005622  -0.019160  -0.025053   0.055056   0.270176   0.107218
     11       0.010255   0.035628   0.044737   0.035126   0.107218   0.170566
     12      -0.002064   0.002202   0.000635   0.034990  -0.002814  -0.014615
     13      -0.043103   0.035726   0.020185   0.046984  -0.003030  -0.018995
     14       0.023823  -0.019997  -0.010956   0.022967  -0.001434  -0.009232
                 12         13         14    
      0      -0.271247   0.056992   0.091095
      1       0.057075  -0.160295  -0.038495
      2       0.091416  -0.038574  -0.197863
      3      -0.019527   0.004839  -0.032717
      4       0.009267  -0.002298   0.015529
      5       0.027729  -0.007000   0.044864
      6      -0.002064  -0.043103   0.023823
      7       0.002202   0.035726  -0.019997
      8       0.000635   0.020185  -0.010956
      9       0.034990   0.046984   0.022967
     10      -0.002814  -0.003030  -0.001434
     11      -0.014615  -0.018995  -0.009232
     12       0.257843  -0.065710  -0.105164
     13      -0.065710   0.129888   0.044383
     14      -0.105164   0.044383   0.173186

$bmatrix
 10 15
                  0          1          2          3          4          5    
      0      -0.747647   0.232140  -0.622201   0.747647  -0.232140   0.622201
      1      -0.301473  -0.714321   0.631554   0.000000   0.000000   0.000000
      2       0.266665   0.812460   0.518458   0.000000   0.000000   0.000000
      3       0.782552  -0.330237  -0.527785   0.000000   0.000000   0.000000
      4       0.327373  -0.710994   0.070610   0.008900   0.454241   0.158781
      5       0.023693  -0.066788  -0.782696   0.000000   0.000000   0.000000
      6      -0.023766   0.066770   0.782706   0.272248  -0.129075  -0.375295
      7      -0.327430   0.710941  -0.070626   0.000000   0.000000   0.000000
      8      -0.714051  -0.328174   0.006352   0.000000   0.000000   0.000000
      9       0.714083   0.328202  -0.006372  -0.281133  -0.325139   0.216506
                  6          7          8          9         10         11    
      0       0.000000   0.000000   0.000000   0.000000   0.000000   0.000000
      1       0.301473   0.714321  -0.631554   0.000000   0.000000   0.000000
      2       0.000000   0.000000   0.000000  -0.266665  -0.812460  -0.518458
      3       0.000000   0.000000   0.000000   0.000000   0.000000   0.000000
      4       0.000000   0.000000   0.000000  -0.336273   0.256753  -0.229390
      5       0.084826   0.293185   0.372100  -0.108519  -0.226397   0.410596
      6       0.000000   0.000000   0.000000   0.000000   0.000000   0.000000
      7       0.348160  -0.290120  -0.161946   0.000000   0.000000   0.000000
      8       0.000000   0.000000   0.000000   0.444817  -0.030360  -0.181212
      9      -0.432950  -0.003063  -0.210134   0.000000   0.000000   0.000000
                 12         13         14    
      0       0.000000   0.000000   0.000000
      1       0.000000   0.000000   0.000000
      2       0.000000   0.000000   0.000000
      3      -0.782552   0.330237   0.527785
      4       0.000000   0.000000   0.000000
      5       0.000000   0.000000   0.000000
      6      -0.248483   0.062305  -0.407412
      7      -0.020730  -0.420821   0.232572
      8       0.269234   0.358534   0.174860
      9       0.000000   0.000000   0.000000

