
$orca_opt_file

$trust
    0.300000000000

$epredict
    0.000000000000

$ediffsc
  1000.000000000000

$ctyp
  3

$coordinates
 1 15
 -11.47172882   4.78920427   0.00003112  -9.91819448   4.30682011   1.29290901
 -10.84533052   6.27356112  -1.31233431 -12.02588087   3.10098048  -1.07728820
 -13.09789273   5.47543510   1.09671262

# redundant internal coordinates
#  nbonds nangles ndihedrals nimpropers ncartesians
# bond  definitions A B
# angle definitions A B C
# dihedral definitions A B C D
# improper torsion definitions A B C D
# cartesian definitions A x/y/z
$redundant_internals
 4 6 0 0 0
   1   0   0
   2   0   0
   3   0   0
   4   0   0
   1   0   3   0   0
   2   0   3   0   0
   1   0   4   0   0
   2   0   4   0   0
   3   0   4   0   0
   1   0   2   0   0
$energies
 1
 -40.4519218024038096

$gradients
 1 15
  -0.0000254521911347   0.0000068592822126  -0.0000103462153028  -0.0000135043948897
   0.0000011965577649  -0.0000062529240499  -0.0000052058216522   0.0000046532306543
  -0.0000010526818453  -0.0000138399863560   0.0000099793335015  -0.0000078658405655
  -0.0000071181456074   0.0000067332610894   0.0000000119004012

$redundant_coords
 1 10
   2.0779067940020117   2.0779781290272696   2.0779319056828700   2.0779875191821198
   1.9106613753609747   1.9106113256994519   1.9106737616630123   1.9106146217115054
   1.9105201915901198   1.9107181295758484

$redundant_gradients
 1 10
   0.0000000124818311  -0.0000010793031628  -0.0000016762407279  -0.0000016428927594
  -0.0000017680124127   0.0000006350796481  -0.0000046018107384   0.0000057644254839
   0.0000060568770884  -0.0000060849306634

$hessian_approx
 15 15
                  0          1          2          3          4          5    
      0       0.818792  -0.000004   0.000061  -0.253088   0.037213  -0.099738
      1      -0.000004   0.818752  -0.000041   0.037207  -0.144800   0.030976
      2       0.000061  -0.000041   0.818782  -0.099735   0.030980  -0.216245
      3      -0.253088   0.037207  -0.099735   0.238397  -0.042992   0.115234
      4       0.037213  -0.144800   0.030980  -0.042992   0.113280  -0.035785
      5      -0.099738   0.030976  -0.216245   0.115234  -0.035785   0.195828
      6      -0.152720  -0.046159   0.040797   0.035008   0.040488  -0.026960
      7      -0.046163  -0.242605   0.096716   0.000248   0.000287  -0.000191
      8       0.040803   0.096721  -0.218734   0.016990   0.019650  -0.013084
      9      -0.148475  -0.046453  -0.029658  -0.000862  -0.043933  -0.015357
     10      -0.046448  -0.274755  -0.090304   0.000658   0.033546   0.011726
     11      -0.029655  -0.090303  -0.190862  -0.000588  -0.029970  -0.010476
     12      -0.264509   0.055410   0.088534  -0.019456   0.009224   0.026820
     13       0.055403  -0.156592  -0.037351   0.004879  -0.002313  -0.006725
     14       0.088528  -0.037353  -0.192940  -0.031902   0.015125   0.043977
                  6          7          8          9         10         11    
      0      -0.152720  -0.046163   0.040803  -0.148475  -0.046448  -0.029655
      1      -0.046159  -0.242605   0.096721  -0.046453  -0.274755  -0.090303
      2       0.040797   0.096716  -0.218734  -0.029658  -0.090304  -0.190862
      3       0.035008   0.000248   0.016990  -0.000862   0.000658  -0.000588
      4       0.040488   0.000287   0.019650  -0.043933   0.033546  -0.029970
      5      -0.026960  -0.000191  -0.013084  -0.015357   0.011726  -0.010476
      6       0.122435   0.053335  -0.047147  -0.002648  -0.005525   0.010019
      7       0.053335   0.226297  -0.111741  -0.009149  -0.019091   0.034623
      8      -0.047147  -0.111741   0.198709  -0.011612  -0.024230   0.043942
      9      -0.002648  -0.009149  -0.011612   0.117540   0.053666   0.034255
     10      -0.005525  -0.019091  -0.024230   0.053666   0.263433   0.104335
     11       0.010019   0.034623   0.043942   0.034255   0.104335   0.166509
     12      -0.002075   0.001729   0.000965   0.034444  -0.002352  -0.014032
     13      -0.042139   0.035111   0.019600   0.045869  -0.003132  -0.018686
     14       0.023290  -0.019406  -0.010833   0.022372  -0.001528  -0.009114
                 12         13         14    
      0      -0.264509   0.055403   0.088528
      1       0.055410  -0.156592  -0.037353
      2       0.088534  -0.037351  -0.192940
      3      -0.019456   0.004879  -0.031902
      4       0.009224  -0.002313   0.015125
      5       0.026820  -0.006725   0.043977
      6      -0.002075  -0.042139   0.023290
      7       0.001729   0.035111  -0.019406
      8       0.000965   0.019600  -0.010833
      9       0.034444   0.045869   0.022372
     10      -0.002352  -0.003132  -0.001528
     11      -0.014032  -0.018686  -0.009114
     12       0.251596  -0.064011  -0.102288
     13      -0.064011   0.126926   0.043163
     14      -0.102288   0.043163   0.168910

$bmatrix
 10 15
                  0          1          2          3          4          5    
      0      -0.747644   0.232149  -0.622202   0.747644  -0.232149   0.622202
      1      -0.301446  -0.714327   0.631559   0.000000   0.000000   0.000000
      2       0.266684   0.812454   0.518457   0.000000   0.000000   0.000000
      3       0.782567  -0.330238  -0.527761   0.000000   0.000000   0.000000
      4       0.327344  -0.710970   0.070607   0.008907   0.454222   0.158771
      5       0.023660  -0.066775  -0.782660   0.000000   0.000000   0.000000
      6      -0.023779   0.066764   0.782677   0.272237  -0.129066  -0.375278
      7      -0.327431   0.710886  -0.070639   0.000000   0.000000   0.000000
      8      -0.714014  -0.328141   0.006336   0.000000   0.000000   0.000000
      9       0.714055   0.328198  -0.006376  -0.281122  -0.325126   0.216491
                  6          7          8          9         10         11    
      0       0.000000   0.000000   0.000000   0.000000   0.000000   0.000000
      1       0.301446   0.714327  -0.631559   0.000000   0.000000   0.000000
      2       0.000000   0.000000   0.000000  -0.266684  -0.812454  -0.518457
      3       0.000000   0.000000   0.000000   0.000000   0.000000   0.000000
      4       0.000000   0.000000   0.000000  -0.336252   0.256748  -0.229378
      5       0.084837   0.293167   0.372081  -0.108497  -0.226392   0.410578
      6       0.000000   0.000000   0.000000   0.000000   0.000000   0.000000
      7       0.348156  -0.290093  -0.161934   0.000000   0.000000   0.000000
      8       0.000000   0.000000   0.000000   0.444797  -0.030373  -0.181198
      9      -0.432933  -0.003071  -0.210115   0.000000   0.000000   0.000000
                 12         13         14    
      0       0.000000   0.000000   0.000000
      1       0.000000   0.000000   0.000000
      2       0.000000   0.000000   0.000000
      3      -0.782567   0.330238   0.527761
      4       0.000000   0.000000   0.000000
      5       0.000000   0.000000   0.000000
      6      -0.248458   0.062302  -0.407399
      7      -0.020725  -0.420793   0.232573
      8       0.269217   0.358514   0.174862
      9       0.000000   0.000000   0.000000

