
$orca_hessian_file

$act_atom
  0

$act_coord
  0

$act_energy
      -40.451922

$hessian
15
                    0                  1                  2                  3                  4        
    0      5.4858268699E-01  -2.8131490825E-05   7.1333860171E-05  -1.9988346726E-01   4.8366309309E-02
    1     -2.8131490825E-05   5.4868028361E-01   1.0049719960E-04   4.8282600596E-02  -5.9367082746E-02
    2      7.1333860171E-05   1.0049719960E-04   5.4842968175E-01  -1.2945363780E-01   4.0284812647E-02
    3     -1.9988346726E-01   4.8282600596E-02  -1.2945363780E-01   2.1156344252E-01  -5.2446405489E-02
    4      4.8366309309E-02  -5.9367082746E-02   4.0284812647E-02  -5.2446405489E-02   5.9249745668E-02
    5     -1.2933300518E-01   4.0185226908E-02  -1.5206474631E-01   1.4030314524E-01  -4.3603403715E-02
    6     -6.9676483270E-02  -5.9816881058E-02   5.2978790597E-02   9.0742192096E-03   1.8131265870E-02
    7     -5.9853186247E-02  -1.8634946122E-01   1.2548195251E-01  -2.0801727138E-03  -4.4808839094E-03
    8      5.2976766419E-02   1.2539776234E-01  -1.5528527740E-01   7.6038938493E-03   1.1934342399E-02
    9     -6.4130625074E-02  -6.0232063189E-02  -3.8509492890E-02  -5.3235192109E-03  -2.0148872076E-02
   10     -6.0238807355E-02  -2.2793297738E-01  -1.1710861729E-01   2.2245157630E-03   8.0658427674E-03
   11     -3.8479012938E-02  -1.1719654113E-01  -1.1912467584E-01  -2.5939979956E-03  -1.5609232451E-02
   12     -2.1468736041E-01   7.1863587484E-02   1.1480344820E-01  -1.5585316074E-02   6.1170279550E-03
   13      7.1797960047E-02  -7.4693627034E-02  -4.8501639982E-02   3.9683197304E-03  -3.4783844700E-03
   14      1.1489294145E-01  -4.8515538053E-02  -1.2179081583E-01  -1.6012494880E-02   7.0652636146E-03
                    5                  6                  7                  8                  9        
    0     -1.2933300518E-01  -6.9676483270E-02  -5.9853186247E-02   5.2976766419E-02  -6.4130625074E-02
    1      4.0185226908E-02  -5.9816881058E-02  -1.8634946122E-01   1.2539776234E-01  -6.0232063189E-02
    2     -1.5206474631E-01   5.2978790597E-02   1.2548195251E-01  -1.5528527740E-01  -3.8509492890E-02
    3      1.4030314524E-01   9.0742192096E-03  -2.0801727138E-03   7.6038938493E-03  -5.3235192109E-03
    4     -4.3603403715E-02   1.8131265870E-02  -4.4808839094E-03   1.1934342399E-02  -2.0148872076E-02
    5      1.5966322768E-01  -1.4463952803E-02   1.9896311468E-03  -1.1036867307E-02  -1.0009985850E-02
    6     -1.4463952803E-02   7.0414242210E-02   6.4925114443E-02  -5.7366160637E-02  -3.6307631128E-03
    7      1.9896311468E-03   6.4925114443E-02   1.9683458687E-01  -1.3602011869E-01  -6.0931131625E-03
    8     -1.1036867307E-02  -5.7366160637E-02  -1.3602011869E-01   1.6319911773E-01  -5.4787722989E-03
    9     -1.0009985850E-02  -3.6307631128E-03  -6.0931131625E-03  -5.4787722989E-03   6.4458238175E-02
   10      5.3512496119E-03  -4.2691201566E-03  -1.5433611270E-02  -1.2501297850E-02   6.5309974133E-02
   11     -9.3300910589E-03   5.3597323193E-03   1.7009785610E-02   1.2608123064E-02   4.1662388443E-02
   12      1.3428263788E-02  -6.1655489642E-03   3.0643176109E-03   2.3749135025E-03   8.6888705748E-03
   13     -3.9339122990E-03  -1.8946579598E-02   9.2873584821E-03   1.1235867745E-02   2.1099721287E-02
   14      1.2631294520E-02   1.3593753451E-02  -8.3289013642E-03  -9.5555604374E-03   1.2212672199E-02
                   10                 11                 12                 13                 14        
    0     -6.0238807355E-02  -3.8479012938E-02  -2.1468736041E-01   7.1797960047E-02   1.1489294145E-01
    1     -2.2793297738E-01  -1.1719654113E-01   7.1863587484E-02  -7.4693627034E-02  -4.8515538053E-02
    2     -1.1710861729E-01  -1.1912467584E-01   1.1480344820E-01  -4.8501639982E-02  -1.2179081583E-01
    3      2.2245157630E-03  -2.5939979956E-03  -1.5585316074E-02   3.9683197304E-03  -1.6012494880E-02
    4      8.0658427674E-03  -1.5609232451E-02   6.1170279550E-03  -3.4783844700E-03   7.0652636146E-03
    5      5.3512496119E-03  -9.3300910589E-03   1.3428263788E-02  -3.9339122990E-03   1.2631294520E-02
    6     -4.2691201566E-03   5.3597323193E-03  -6.1655489642E-03  -1.8946579598E-02   1.3593753451E-02
    7     -1.5433611270E-02   1.7009785610E-02   3.0643176109E-03   9.2873584821E-03  -8.3289013642E-03
    8     -1.2501297850E-02   1.2608123064E-02   2.3749135025E-03   1.1235867745E-02  -9.5555604374E-03
    9      6.5309974133E-02   4.1662388443E-02   8.6888705748E-03   2.1099721287E-02   1.2212672199E-02
   10      2.4203064710E-01   1.2702287092E-01  -3.0959548882E-03  -6.9425842073E-03  -2.8220761681E-03
   11      1.2702287092E-01   1.2405799642E-01  -6.0350122370E-03  -1.1443896384E-02  -8.2265375908E-03
   12     -3.0959548882E-03  -6.0350122370E-03   2.2762128954E-01  -7.7901688762E-02  -1.2452673901E-01
   13     -6.9425842073E-03  -1.1443896384E-02  -7.7901688762E-02   7.5854328889E-02   5.2525061670E-02
   14     -2.8220761681E-03  -8.2265375908E-03  -1.2452673901E-01   5.2525061670E-02   1.2700021378E-01

$vibrational_frequencies
15
    0        0.000000
    1        0.000000
    2        0.000000
    3        0.000000
    4        0.000000
    5        0.000000
    6     1313.379022
    7     1313.614855
    8     1314.102566
    9     1530.997636
   10     1531.089158
   11     3019.412902
   12     3150.235043
   13     3150.272832
   14     3150.786743

$normal_modes
15 15
                    0                  1                  2                  3                  4        
    0      0.0000000000E+00   0.0000000000E+00   0.0000000000E+00   0.0000000000E+00   0.0000000000E+00
    1      0.0000000000E+00   0.0000000000E+00   0.0000000000E+00   0.0000000000E+00   0.0000000000E+00
    2      0.0000000000E+00   0.0000000000E+00   0.0000000000E+00   0.0000000000E+00   0.0000000000E+00
    3      0.0000000000E+00   0.0000000000E+00   0.0000000000E+00   0.0000000000E+00   0.0000000000E+00
    4      0.0000000000E+00   0.0000000000E+00   0.0000000000E+00   0.0000000000E+00   0.0000000000E+00
    5      0.0000000000E+00   0.0000000000E+00   0.0000000000E+00   0.0000000000E+00   0.0000000000E+00
    6      0.0000000000E+00   0.0000000000E+00   0.0000000000E+00   0.0000000000E+00   0.0000000000E+00
    7      0.0000000000E+00   0.0000000000E+00   0.0000000000E+00   0.0000000000E+00   0.0000000000E+00
    8      0.0000000000E+00   0.0000000000E+00   0.0000000000E+00   0.0000000000E+00   0.0000000000E+00
    9      0.0000000000E+00   0.0000000000E+00   0.0000000000E+00   0.0000000000E+00   0.0000000000E+00
   10      0.0000000000E+00   0.0000000000E+00   0.0000000000E+00   0.0000000000E+00   0.0000000000E+00
   11      0.0000000000E+00   0.0000000000E+00   0.0000000000E+00   0.0000000000E+00   0.0000000000E+00
   12      0.0000000000E+00   0.0000000000E+00   0.0000000000E+00   0.0000000000E+00   0.0000000000E+00
   13      0.0000000000E+00   0.0000000000E+00   0.0000000000E+00   0.0000000000E+00   0.0000000000E+00
   14      0.0000000000E+00   0.0000000000E+00   0.0000000000E+00   0.0000000000E+00   0.0000000000E+00
                    5                  6                  7                  8                  9        
    0      0.0000000000E+00   3.1627466581E-02  -3.8699901213E-02  -1.1361002767E-01   1.0225641663E-04
    1      0.0000000000E+00   7.0175201953E-02   1.0126449704E-01  -1.4983763197E-02  -5.1346059915E-05
    2      0.0000000000E+00  -9.7353600471E-02   6.0431529529E-02  -4.7702187931E-02   5.1276213462E-05
    3      0.0000000000E+00  -3.7922157563E-01   1.2527169337E-01   8.2864298184E-02   7.3216984412E-02
    4      0.0000000000E+00  -2.7189205035E-01  -4.7329091632E-01   2.1842153844E-01  -4.2781962312E-01
    5      0.0000000000E+00   2.8652445526E-01  -3.4628823194E-01  -1.5918547994E-01  -2.4777406060E-01
    6      0.0000000000E+00   5.2221814120E-02   2.2648994846E-01   5.2709215810E-01  -2.7387731523E-01
    7      0.0000000000E+00   1.4811695635E-01  -4.0138484782E-01   1.3209274113E-02   3.3615283952E-01
    8      0.0000000000E+00   4.0653592281E-02  -3.7428234359E-01   2.8515946172E-01   2.4954529023E-01
    9      0.0000000000E+00  -1.3069413606E-01   3.4420764109E-01   4.5141263676E-01   2.5576943055E-01
   10      0.0000000000E+00  -2.7269740809E-01  -1.8308975344E-02  -2.3596348175E-01  -2.8746485744E-01
   11      0.0000000000E+00   5.1717144621E-01   8.9251310233E-03   3.5320143123E-02   3.1857638360E-01
   12      0.0000000000E+00   8.0831297274E-02  -2.3483385289E-01   2.9237102833E-01  -5.6327553918E-02
   13      0.0000000000E+00  -4.3971236961E-01  -3.1365005606E-01   1.8287431578E-01   3.7974346399E-01
   14      0.0000000000E+00   3.1568433091E-01  -8.4369971345E-03   4.0710962434E-01  -3.2095860391E-01
                   10                 11                 12                 13                 14        
    0      2.6320469104E-05   5.1572309186E-05   6.2704827237E-02   2.6688006748E-02  -6.3298911943E-02
    1      9.9680345545E-05  -1.1735150716E-04   4.1640102004E-02  -8.2935166266E-02   6.3239463623E-03
    2     -7.8129006522E-05   5.6849214250E-05  -5.4644126455E-02  -3.2582372801E-02  -6.7844785206E-02
    3      3.2351930017E-01   3.7318781938E-01  -1.2167089230E-02  -1.2947944325E-01   6.3170311648E-01
    4      2.3048263309E-01  -1.1576763346E-01   1.3922893603E-02   2.7875462548E-02  -1.9866523563E-01
    5     -3.0276643884E-01   3.1054280846E-01  -2.7711928149E-02  -1.1677876338E-01   5.2314009619E-01
    6      3.9056840698E-01   1.5104798812E-01  -2.2596593316E-01   9.1318730641E-02  -9.0784475166E-02
    7      9.7424075000E-02   3.5779465937E-01  -5.5329502726E-01   1.9229730835E-01  -1.8902262421E-01
    8      2.9658428520E-01  -3.1628544395E-01   4.8615366169E-01  -1.8747056935E-01   1.5675238827E-01
    9     -4.0823779779E-01  -1.3326444159E-01  -4.5618512583E-02   1.9859958045E-01   1.0761502616E-01
   10     -4.8017830733E-02  -4.0589431856E-01  -1.6357781147E-01   5.7803140231E-01   3.6037307560E-01
   11      2.8535331004E-01  -2.5904737767E-01  -1.1788020060E-01   3.7226664842E-01   2.1824716383E-01
   12     -3.0616353550E-01  -3.9158588476E-01  -4.6341878243E-01  -4.7844447206E-01   1.0571556998E-01
   13     -2.8107663591E-01   1.6526561502E-01   2.0678003921E-01   1.9002428117E-01  -4.8039302835E-02
   14     -2.7824019659E-01   2.6411261642E-01   3.1056009687E-01   3.2022363640E-01  -8.9723264239E-02

#
# The atoms: label  mass x y z (in bohrs)
#
$atoms
5
 C     12.01100    -11.471711473077     4.789202764974     0.000038352920
 H      1.00800     -9.918181778853     4.306808256440     1.292917899765
 H      1.00800    -10.845346142494     6.273569943105    -1.312336045733
 H      1.00800    -12.025890133967     3.100983326246    -1.077283410735
 H      1.00800    -13.097897889873     5.475436786470     1.096693439400

$actual_temperature
  0.000000

$frequency_scale_factor
  1.000000

$dipole_derivatives
15
   -1.7938195984E-02   -3.5622418677E-06   -6.9657882615E-06
    5.7985683708E-05   -1.8009464522E-02    6.3226983307E-06
   -1.2848995075E-04    2.8736775993E-04   -1.8300612989E-02
   -3.3310204705E-02    3.1079561669E-02   -8.3838276705E-02
    3.6294622980E-02    5.6681623211E-02    3.0124993821E-02
   -8.3896930825E-02    2.5720250768E-02   -2.3607868051E-03
    5.0815641115E-02   -3.8487168417E-02    3.4071473293E-02
   -3.8735912300E-02   -2.4472227330E-02    8.1277364607E-02
    3.4316900795E-02    8.1295117713E-02   -4.5705761987E-03
    5.4618767542E-02   -3.8737166631E-02   -2.4545172219E-02
   -3.9141259246E-02   -5.1798479579E-02   -7.5852989395E-02
   -2.4622583748E-02   -7.5841318219E-02    1.9086935849E-02
   -4.3106955088E-02    4.6784635242E-02    7.4322248255E-02
    4.6317964972E-02    4.7741585177E-02   -3.1191747150E-02
    7.4297119808E-02   -3.1364019150E-02    1.7311430897E-02

#
# The IR spectrum
#  wavenumber eps Int TX TY TZ
#
$ir_spectrum
15
      0.00   0.00000000   0.00000000     0.000000     0.000000     0.000000
      0.00   0.00000000   0.00000000     0.000000     0.000000     0.000000
      0.00   0.00000000   0.00000000     0.000000     0.000000     0.000000
      0.00   0.00000000   0.00000000     0.000000     0.000000     0.000000
      0.00   0.00000000   0.00000000     0.000000     0.000000     0.000000
      0.00   0.00000000   0.00000000     0.000000     0.000000     0.000000
   1313.38   0.00254691  12.87102249    -0.006532    -0.013929     0.019196
   1313.61   0.00256729  12.97402751     0.007274    -0.020069    -0.012419
   1314.10   0.00263032  13.29257510     0.022833     0.003035     0.009700
   1531.00   0.00000132   0.00668194    -0.000396     0.000126    -0.000311
   1531.09   0.00000044   0.00223712     0.000257    -0.000066     0.000140
   3019.41   0.00000010   0.00050478    -0.000082    -0.000019    -0.000057
   3150.24   0.00298163  15.06794242     0.011608     0.007676    -0.010085
   3150.27   0.00298780  15.09912148     0.004958    -0.015352    -0.005974
   3150.79   0.00304382  15.38222196    -0.011839     0.001137    -0.012650

$polarizability_derivatives
15
    3.6296569021E-01    4.6145032836E-01   -8.0879411856E-01   -5.3712086437E-01   -3.8926490327E+00    3.3250162378E+00
   -5.3467987717E-01    1.0037113078E+00   -4.6211278271E-01    4.5220761395E-01    3.3264477288E+00    3.8721078074E+00
   -3.8962322036E+00    3.8738330396E+00    2.4316812881E-02    3.3304736315E+00   -8.0216149394E-01   -4.6104377142E-01
    5.2897742494E+00    5.3705713891E-01    1.3816355468E+00   -8.3716883179E-01    3.0684355668E+00   -7.9214304231E-01
   -4.1142132308E-01   -1.5019557900E+00   -3.2029060513E-01    1.9143711421E+00   -7.9614999468E-01    1.0570433001E+00
    1.9303932397E+00   -8.2982027663E-02    4.1735178217E+00   -7.9224292703E-01    2.7509020756E+00   -7.4169820006E-01
    1.7341499938E+00    5.3393555291E-01    6.4417265577E-01    2.0428982365E+00   -1.1405329467E+00   -8.6653333083E-01
    7.3087842250E-01    4.8593021733E+00    1.2922618021E+00    1.0873149937E+00   -8.6334333503E-01   -3.0235472584E+00
    1.5477381919E-02   -1.8655200295E+00   -4.2640706357E+00   -8.6697761992E-01    1.1905492525E+00    2.6029344167E+00
   -1.6208824179E+00   -7.0921991436E-01   -2.4453704560E-01   -2.1088162946E+00   -8.0158959432E-01   -8.0261299662E-01
   -6.1917520103E-01   -6.1864484288E+00   -1.0485393748E+00   -1.1987466664E+00   -8.0185544457E-01   -2.7875147930E+00
    1.5077647836E-01   -1.8380188380E+00   -3.3207850767E+00   -8.0289380658E-01   -7.3219318195E-01   -2.5383211193E+00
   -5.7659211050E+00   -8.2297006413E-01   -9.7282919415E-01    1.4401019914E+00    2.7656693177E+00   -8.6264067527E-01
    8.3397039981E-01    1.8253886596E+00    5.3845242806E-01   -2.2541590335E+00   -8.6594318566E-01    8.8103432829E-01
    1.7980736824E+00   -8.6012768457E-02    3.3870229234E+00   -8.6763138440E-01   -2.4075845239E+00    1.1386129596E+00

#
# The Raman spectrum
#  wavenumber Activity Depolarization
#
$raman_spectrum
15
      0.00       0.0000       0.0000
      0.00       0.0000       0.0000
      0.00       0.0000       0.0000
      0.00       0.0000       0.0000
      0.00       0.0000       0.0000
      0.00       0.0000       0.0000
   1313.38       1.6442       0.7500
   1313.61       1.6422       0.7500
   1314.10       1.6484       0.7500
   1531.00      27.4565       0.7500
   1531.09      27.4490       0.7500
   3019.41     145.1770       0.0000
   3150.24      62.8181       0.7500
   3150.27      62.8724       0.7500
   3150.79      62.8305       0.7500


$end

