
$orca_opt_file

$trust
    0.300000000000

$epredict
    0.000000000000

$ediffsc
  1000.000000000000

$ctyp
  3

$coordinates
 1 18
 -11.58391625   1.94118045   0.00000503  -9.04861330   1.62287567   0.00004354
 -12.96815775   4.89689034   0.14258461 -13.65710501  -0.57979286  -0.14259760
  -6.97542512   4.14384437   0.14264559  -7.66437846  -1.33283680  -0.14253566


# redundant internal coordinates
#  nbonds nangles ndihedrals nimpropers ncartesians
# bond  definitions A B
# angle definitions A B C
# dihedral definitions A B C D
# improper torsion definitions A B C D
# cartesian definitions A x/y/z
$redundant_internals
 5 6 4 0 0
   1   0   0
   2   0   0
   3   0   0
   4   1   0
   5   1   0
   2   0   3   0   0
   1   0   2   0   0
   1   0   3   0   0
   4   1   5   0   0
   0   1   5   0   0
   0   1   4   0   0
   4   1   0   3   0
   5   1   0   2   0
   5   1   0   3   0
   4   1   0   2   0
$energies
 1
 -1916.0734864676146572

$gradients
 1 18
   0.0000420457939707   0.0000272444558743  -0.0000092089609089  -0.0000411964323037
  -0.0000267476860840   0.0000092345522189   0.0000360400844986  -0.0000330092177818
  -0.0000116244055407  -0.0000201569170228   0.0001049829704947  -0.0000364425851690
   0.0000196307322218  -0.0001056610895353   0.0000364013857820  -0.0000363518324615
   0.0000331753110123   0.0000116514767000

$redundant_coords
 1 15
   2.5552062503468020   3.2669059421613018   3.2670711071695813   3.2670671526258075
   3.2669054318887927   2.0165682321466574   2.1330804405517405   2.1335366344802056
   2.0165696476338923   2.1330782639139714   2.1335373956306394   3.1415925313949558
   3.1415924528562607  -0.0000017747502564   0.0000014518218867

$redundant_gradients
 1 15
  -0.0000451019331513  -0.0000596790837483  -0.0000525920088312  -0.0000534495710092
  -0.0000599686985038  -0.0000683507214462   0.0000391746531691   0.0000291760682195
  -0.0000681388180568   0.0000386908716127   0.0000294479463667  -0.0000000016494757
  -0.0000000146897898  -0.0000000608410960   0.0000000445018306

$hessian_approx
 18 18
                  0          1          2          3          4          5    
      0       1.112466  -0.017499   0.005874  -0.712645   0.042543  -0.002134
      1      -0.017499   0.975208   0.046652   0.042543  -0.378996  -0.016908
      2       0.005874   0.046652   0.065334  -0.002134  -0.016908  -0.044686
      3      -0.712645   0.042543  -0.002134   1.112467  -0.017497   0.005874
      4       0.042543  -0.378996  -0.016908  -0.017497   0.975211   0.046652
      5      -0.002134  -0.016908  -0.044686   0.005874   0.046652   0.065334
      6      -0.169466   0.100244   0.004149   0.005824   0.046387   0.002373
      7       0.109556  -0.356116  -0.016725   0.002721   0.021672   0.000795
      8       0.004626  -0.016785  -0.016888   0.000135   0.001076   0.006568
      9      -0.231210  -0.132104  -0.008160  -0.004968  -0.039571  -0.002102
     10      -0.141399  -0.294249  -0.015172   0.004078   0.032481   0.001358
     11      -0.008636  -0.015112  -0.016894   0.000135   0.001076   0.006567
     12      -0.004968  -0.039571  -0.002102  -0.231212  -0.132106  -0.008160
     13       0.004078   0.032481   0.001358  -0.141400  -0.294251  -0.015172
     14       0.000135   0.001076   0.006567  -0.008636  -0.015112  -0.016894
     15       0.005824   0.046387   0.002373  -0.169466   0.100244   0.004149
     16       0.002721   0.021672   0.000795   0.109556  -0.356117  -0.016725
     17       0.000135   0.001076   0.006568   0.004626  -0.016785  -0.016888
                  6          7          8          9         10         11    
      0      -0.169466   0.109556   0.004626  -0.231210  -0.141399  -0.008636
      1       0.100244  -0.356116  -0.016785  -0.132104  -0.294249  -0.015112
      2       0.004149  -0.016725  -0.016888  -0.008160  -0.015172  -0.016894
      3       0.005824   0.002721   0.000135  -0.004968   0.004078   0.000135
      4       0.046387   0.021672   0.001076  -0.039571   0.032481   0.001076
      5       0.002373   0.000795   0.006568  -0.002102   0.001358   0.006567
      6       0.136954  -0.124737  -0.005572   0.026688  -0.021894  -0.000950
      7      -0.124737   0.344666   0.016373   0.012460  -0.010222  -0.000444
      8      -0.005572   0.016373   0.010350   0.000811  -0.000665  -0.000029
      9       0.026688   0.012460   0.000811   0.209490   0.159215   0.009451
     10      -0.021894  -0.010222  -0.000665   0.159215   0.271990   0.014480
     11      -0.000950  -0.000444  -0.000029   0.009451   0.014480   0.010355
     12      -0.000000  -0.000002   0.000031   0.000000   0.000002  -0.000031
     13      -0.000002  -0.000013   0.000244   0.000002   0.000013  -0.000244
     14       0.000031   0.000244  -0.004762  -0.000031  -0.000244   0.004763
     15       0.000000   0.000002  -0.000031  -0.000000  -0.000002   0.000031
     16       0.000002   0.000013  -0.000244  -0.000002  -0.000013   0.000244
     17      -0.000031  -0.000244   0.004761   0.000031   0.000244  -0.004762
                 12         13         14         15         16         17    
      0      -0.004968   0.004078   0.000135   0.005824   0.002721   0.000135
      1      -0.039571   0.032481   0.001076   0.046387   0.021672   0.001076
      2      -0.002102   0.001358   0.006567   0.002373   0.000795   0.006568
      3      -0.231212  -0.141400  -0.008636  -0.169466   0.109556   0.004626
      4      -0.132106  -0.294251  -0.015112   0.100244  -0.356117  -0.016785
      5      -0.008160  -0.015172  -0.016894   0.004149  -0.016725  -0.016888
      6      -0.000000  -0.000002   0.000031   0.000000   0.000002  -0.000031
      7      -0.000002  -0.000013   0.000244   0.000002   0.000013  -0.000244
      8       0.000031   0.000244  -0.004762  -0.000031  -0.000244   0.004761
      9       0.000000   0.000002  -0.000031  -0.000000  -0.000002   0.000031
     10       0.000002   0.000013  -0.000244  -0.000002  -0.000013   0.000244
     11      -0.000031  -0.000244   0.004763   0.000031   0.000244  -0.004762
     12       0.209492   0.159216   0.009451   0.026688   0.012460   0.000811
     13       0.159216   0.271992   0.014480  -0.021894  -0.010222  -0.000665
     14       0.009451   0.014480   0.010355  -0.000950  -0.000444  -0.000029
     15       0.026688  -0.021894  -0.000950   0.136954  -0.124737  -0.005572
     16       0.012460  -0.010222  -0.000444  -0.124737   0.344667   0.016373
     17       0.000811  -0.000665  -0.000029  -0.005572   0.016373   0.010350

$bmatrix
 15 18
                  0          1          2          3          4          5    
      0      -0.992211   0.124571  -0.000015   0.992211  -0.124571   0.000015
      1       0.423716  -0.904743  -0.043644   0.000000   0.000000   0.000000
      2       0.634571   0.771631   0.043648   0.000000   0.000000   0.000000
      3       0.000000   0.000000   0.000000  -0.634572  -0.771631  -0.043648
      4       0.000000   0.000000   0.000000  -0.423714   0.904744   0.043644
      5      -0.513811   0.064619  -0.000003   0.000000   0.000000   0.000000
      6       0.325943   0.517233   0.028616  -0.048687  -0.387792  -0.020192
      7       0.187867  -0.581852  -0.028615   0.048687   0.387792   0.020193
      8       0.000000   0.000000   0.000000   0.513811  -0.064620   0.000003
      9       0.048687   0.387792   0.020192  -0.325944  -0.517232  -0.028616
     10      -0.048687  -0.387792  -0.020193  -0.187867   0.581852   0.028615
     11       0.002331   0.018526  -0.361407   0.002331   0.018526  -0.361408
     12      -0.002331  -0.018521   0.361323  -0.002331  -0.018521   0.361320
     13       0.005510   0.043788  -0.854216  -0.005510  -0.043783   0.854129
     14      -0.005510  -0.043783   0.854132   0.005511   0.043788  -0.854218
                  6          7          8          9         10         11    
      0       0.000000   0.000000   0.000000   0.000000   0.000000   0.000000
      1      -0.423716   0.904743   0.043644   0.000000   0.000000   0.000000
      2       0.000000   0.000000   0.000000  -0.634571  -0.771631  -0.043648
      3       0.000000   0.000000   0.000000   0.000000   0.000000   0.000000
      4       0.000000   0.000000   0.000000   0.000000   0.000000   0.000000
      5       0.277257   0.129441   0.008424   0.236554  -0.194060  -0.008421
      6      -0.277257  -0.129441  -0.008424   0.000000   0.000000   0.000000
      7       0.000000   0.000000   0.000000  -0.236554   0.194060   0.008422
      8       0.000000   0.000000   0.000000   0.000000   0.000000   0.000000
      9       0.000000   0.000000   0.000000   0.000000   0.000000   0.000000
     10       0.000000   0.000000   0.000000   0.000000   0.000000   0.000000
     11       0.000000   0.000000   0.000000  -0.002331  -0.018526   0.361407
     12       0.002331   0.018521  -0.361322   0.000000   0.000000   0.000000
     13       0.000000   0.000000   0.000000  -0.002331  -0.018526   0.361407
     14       0.002331   0.018521  -0.361322   0.000000   0.000000   0.000000
                 12         13         14         15         16         17    
      0       0.000000   0.000000   0.000000   0.000000   0.000000   0.000000
      1       0.000000   0.000000   0.000000   0.000000   0.000000   0.000000
      2       0.000000   0.000000   0.000000   0.000000   0.000000   0.000000
      3       0.634572   0.771631   0.043648   0.000000   0.000000   0.000000
      4       0.000000   0.000000   0.000000   0.423714  -0.904744  -0.043644
      5       0.000000   0.000000   0.000000   0.000000   0.000000   0.000000
      6       0.000000   0.000000   0.000000   0.000000   0.000000   0.000000
      7       0.000000   0.000000   0.000000   0.000000   0.000000   0.000000
      8      -0.236554   0.194060   0.008421  -0.277257  -0.129440  -0.008424
      9       0.000000   0.000000   0.000000   0.277257   0.129440   0.008424
     10       0.236554  -0.194060  -0.008422   0.000000   0.000000   0.000000
     11      -0.002331  -0.018526   0.361408   0.000000   0.000000   0.000000
     12       0.000000   0.000000   0.000000   0.002331   0.018521  -0.361321
     13       0.000000   0.000000   0.000000   0.002331   0.018521  -0.361321
     14      -0.002331  -0.018526   0.361408   0.000000   0.000000   0.000000

