
$orca_opt_file

$trust
    0.300000000000

$epredict
    0.000000000000

$ediffsc
  1000.000000000000

$ctyp
  3

$coordinates
 1 15
 -10.01988282   5.36038556  -0.02703166 -12.81916817   7.24782382   0.30662541
  -8.60587859   6.43616386  -1.09782260  -9.28696425   4.90547037   1.85949052
 -10.50141813   3.61590520  -1.04123144

# redundant internal coordinates
#  nbonds nangles ndihedrals nimpropers ncartesians
# bond  definitions A B
# angle definitions A B C
# dihedral definitions A B C D
# improper torsion definitions A B C D
# cartesian definitions A x/y/z
$redundant_internals
 4 6 0 0 0
   1   0   0
   2   0   0
   3   0   0
   4   0   0
   1   0   3   0   0
   2   0   3   0   0
   1   0   4   0   0
   2   0   4   0   0
   3   0   4   0   0
   1   0   2   0   0
$energies
 1
 -499.8486934265863511

$gradients
 1 15
   0.0000075326522067  -0.0000184444285245  -0.0000241962463964  -0.0000530271015286
   0.0000356557312848  -0.0000721360178897   0.0000029188722229  -0.0000237526583539
  -0.0000091588326253  -0.0000437158414287   0.0000096317331328  -0.0000117986587728
  -0.0000038093449659  -0.0000084567334900  -0.0000110741410365

$redundant_coords
 1 10
   3.3926020459902602   2.0744397153646483   2.0743874759256142   2.0745334811370633
   1.9008481755207496   1.9201912318194310   1.9011572174978055   1.9197853457574303
   1.9200602970069029   1.9014692573388667

$redundant_gradients
 1 10
   0.0000447496263094  -0.0000029888459049  -0.0000031042442230  -0.0000029564894348
   0.0000050285803223  -0.0000056609252851   0.0000062401871865  -0.0000070138287054
  -0.0000060530141502   0.0000078478098102

$hessian_approx
 15 15
                  0          1          2          3          4          5    
      0       0.787389  -0.023130  -0.004189  -0.236186   0.115241   0.020388
      1      -0.023130   0.768527   0.002735   0.115249  -0.142963  -0.013729
      2      -0.004189   0.002735   0.753599   0.020382  -0.013725  -0.067679
      3      -0.236186   0.115249   0.020382   0.228961  -0.125633  -0.022212
      4       0.115241  -0.142963  -0.013725  -0.125633   0.127343   0.014970
      5       0.020388  -0.013729  -0.067679  -0.022212   0.014970   0.045286
      6      -0.242505  -0.082445   0.080999  -0.012981  -0.021939   0.015194
      7      -0.067348  -0.185590   0.049978   0.015581   0.026332  -0.018236
      8       0.074284   0.056303  -0.192825  -0.001489  -0.002516   0.001742
      9      -0.166657   0.018503  -0.081382  -0.003171   0.001439  -0.034745
     10       0.018801  -0.148267   0.051338   0.002165  -0.000983   0.023727
     11      -0.066709   0.041465  -0.306036   0.001754  -0.000796   0.019220
     12      -0.142041  -0.028177  -0.015811   0.023377   0.030892   0.021375
     13      -0.043563  -0.291707  -0.090327  -0.007362  -0.009729  -0.006732
     14      -0.023775  -0.086774  -0.187059   0.001564   0.002067   0.001430
                  6          7          8          9         10         11    
      0      -0.242505  -0.067348   0.074284  -0.166657   0.018801  -0.066709
      1      -0.082445  -0.185590   0.056303   0.018503  -0.148267   0.041465
      2       0.080999   0.049978  -0.192825  -0.081382   0.051338  -0.306036
      3      -0.012981   0.015581  -0.001489  -0.003171   0.002165   0.001754
      4      -0.021939   0.026332  -0.002516   0.001439  -0.000983  -0.000796
      5       0.015194  -0.018236   0.001742  -0.034745   0.023727   0.019220
      6       0.219714   0.084624  -0.087024   0.035728   0.019743  -0.009119
      7       0.084624   0.172292  -0.066785  -0.002544  -0.001406   0.000649
      8      -0.087024  -0.066785   0.167984   0.044623   0.024659  -0.011390
      9       0.035728  -0.002544   0.044623   0.136411  -0.021677   0.077766
     10       0.019743  -0.001406   0.024659  -0.021677   0.115419  -0.048153
     11      -0.009119   0.000649  -0.011390   0.077766  -0.048153   0.308209
     12       0.000044  -0.030312  -0.030395  -0.002311  -0.019032  -0.003692
     13       0.000017  -0.011629  -0.011660   0.004278   0.035236   0.006835
     14      -0.000050   0.034394   0.034488  -0.006262  -0.051571  -0.010003
                 12         13         14    
      0      -0.142041  -0.043563  -0.023775
      1      -0.028177  -0.291707  -0.086774
      2      -0.015811  -0.090327  -0.187059
      3       0.023377  -0.007362   0.001564
      4       0.030892  -0.009729   0.002067
      5       0.021375  -0.006732   0.001430
      6       0.000044   0.000017  -0.000050
      7      -0.030312  -0.011629   0.034394
      8      -0.030395  -0.011660   0.034488
      9      -0.002311   0.004278  -0.006262
     10      -0.019032   0.035236  -0.051571
     11      -0.003692   0.006835  -0.010003
     12       0.120931   0.046630   0.028522
     13       0.046630   0.277829   0.101885
     14       0.028522   0.101885   0.161144

$bmatrix
 10 15
                  0          1          2          3          4          5    
      0       0.825115  -0.556339  -0.098348  -0.825115   0.556339   0.098348
      1      -0.681632  -0.518587   0.516183   0.000000   0.000000   0.000000
      2      -0.353318   0.219301  -0.909436   0.000000   0.000000   0.000000
      3       0.232117   0.840902   0.488881   0.000000   0.000000   0.000000
      4      -0.335341   0.235129   0.493598  -0.026766   0.012150  -0.293290
      5       0.712771   0.206122   0.270827   0.000000   0.000000   0.000000
      6      -0.614575  -0.061296  -0.173095   0.155733   0.205797   0.142399
      7       0.309429  -0.221885  -0.691864   0.000000   0.000000   0.000000
      8       0.083450  -0.730051   0.289573   0.000000   0.000000   0.000000
      9      -0.178803   0.587271  -0.186206  -0.128937  -0.217907   0.150913
                  6          7          8          9         10         11    
      0       0.000000   0.000000   0.000000   0.000000   0.000000   0.000000
      1       0.681632   0.518587  -0.516183   0.000000   0.000000   0.000000
      2       0.000000   0.000000   0.000000   0.353318  -0.219301   0.909436
      3       0.000000   0.000000   0.000000   0.000000   0.000000   0.000000
      4       0.000000   0.000000   0.000000   0.362107  -0.247279  -0.200308
      5      -0.300990   0.021432  -0.375933  -0.411781  -0.227554   0.105106
      6       0.000000   0.000000   0.000000   0.000000   0.000000   0.000000
      7      -0.000495   0.340400   0.341332   0.000000   0.000000   0.000000
      8       0.000000   0.000000   0.000000   0.057056   0.469923   0.091151
      9       0.307740  -0.369365   0.035292   0.000000   0.000000   0.000000
                 12         13         14    
      0       0.000000   0.000000   0.000000
      1       0.000000   0.000000   0.000000
      2       0.000000   0.000000   0.000000
      3      -0.232117  -0.840902  -0.488881
      4       0.000000   0.000000   0.000000
      5       0.000000   0.000000   0.000000
      6       0.458842  -0.144502   0.030696
      7      -0.308934  -0.118515   0.350532
      8      -0.140506   0.260128  -0.380723
      9       0.000000   0.000000   0.000000

