
$orca_opt_file

$trust
    0.300000000000

$epredict
    0.000000000000

$ediffsc
  1000.000000000000

$ctyp
  3

$coordinates
 1 15
 -16.61599365   2.53032149   0.18259227 -17.56513202   5.65879264  -1.49844332
 -16.90309371   2.79573913   2.21258049 -17.81723356   1.02410222  -0.56679682
 -13.11627632   1.52844161  -0.33001576

# redundant internal coordinates
#  nbonds nangles ndihedrals nimpropers ncartesians
# bond  definitions A B
# angle definitions A B C
# dihedral definitions A B C D
# improper torsion definitions A B C D
# cartesian definitions A x/y/z
$redundant_internals
 4 6 0 0 0
   1   0   0
   2   0   0
   3   0   0
   4   0   0
   1   0   3   0   0
   2   0   3   0   0
   1   0   4   0   0
   2   0   4   0   0
   3   0   4   0   0
   1   0   2   0   0
$energies
 1
 -5186.7042446495515833

$gradients
 1 15
   0.0000176743061624   0.0000229369384073   0.0000067936360460  -0.0000101780202490
   0.0000017648125390   0.0000158985782916  -0.0000040844904866   0.0000158146050503
   0.0000160743319081   0.0000129140671346   0.0000074380827694   0.0000169112864651
   0.0000025822178460   0.0000173926608245   0.0000397127763518

$redundant_coords
 1 10
   3.6761496108853535   2.0672989949135236   2.0671859626244213   3.6762143179201612
   1.8799733705469091   1.9485362885241178   1.9975939553822708   1.8798125661607672
   1.8797654559842387   1.8795915925848115

$redundant_gradients
 1 10
  -0.0000043848111998  -0.0000009983408937  -0.0000009242060227  -0.0000053749621599
  -0.0000059685407372  -0.0000050740870918   0.0000321532030361  -0.0000067676748094
  -0.0000067503592643  -0.0000076282218902

$hessian_approx
 15 15
                  0          1          2          3          4          5    
      0       0.684406  -0.027229   0.008889  -0.075016   0.047247  -0.023882
      1      -0.027229   0.681239  -0.005379   0.059973  -0.212051   0.079648
      2       0.008889  -0.005379   0.659049  -0.031991   0.083839  -0.098954
      3      -0.075016   0.059973  -0.031991   0.054575  -0.051769   0.027006
      4       0.047247  -0.212051   0.083839  -0.051769   0.207804  -0.092184
      5      -0.023882   0.079648  -0.098954   0.027006  -0.092184   0.086238
      6      -0.142433   0.009458   0.045815   0.003086  -0.005495  -0.011969
      7       0.004816  -0.136688  -0.009530  -0.009144   0.016282   0.035464
      8       0.029418  -0.027192  -0.347164   0.001632  -0.002906  -0.006330
      9      -0.216485  -0.097746  -0.051256   0.013568   0.009661   0.010318
     10      -0.093101  -0.256301  -0.059297  -0.019629  -0.013976  -0.014927
     11      -0.034856  -0.041631  -0.153622   0.017704   0.012605   0.013463
     12      -0.250473   0.055544   0.028543   0.003787   0.000357  -0.001473
     13       0.068268  -0.076199  -0.009632   0.020569   0.001941  -0.008001
     14       0.020431  -0.005446  -0.059309  -0.014350  -0.001354   0.005582
                  6          7          8          9         10         11    
      0      -0.142433   0.004816   0.029418  -0.216485  -0.093101  -0.034856
      1       0.009458  -0.136688  -0.027192  -0.097746  -0.256301  -0.041631
      2       0.045815  -0.009530  -0.347164  -0.051256  -0.059297  -0.153622
      3       0.003086  -0.009144   0.001632   0.013568  -0.019629   0.017704
      4      -0.005495   0.016282  -0.002906   0.009661  -0.013976   0.012605
      5      -0.011969   0.035464  -0.006330   0.010318  -0.014927   0.013463
      6       0.115355  -0.012878  -0.032193   0.017513   0.006959  -0.042059
      7      -0.012878   0.113410   0.029752   0.018869   0.007498  -0.045316
      8      -0.032193   0.029752   0.346446   0.000010   0.000004  -0.000023
      9       0.017513   0.018869   0.000010   0.196092   0.098959   0.055769
     10       0.006959   0.007498   0.000004   0.098959   0.243824   0.064763
     11      -0.042059  -0.045316  -0.000023   0.055769   0.064763   0.135403
     12       0.006479  -0.001663   0.001134  -0.010689   0.006812   0.003442
     13       0.001957  -0.000502   0.000342  -0.029743   0.018955   0.009578
     14       0.040406  -0.010370   0.007071  -0.014841   0.009458   0.004779
                 12         13         14    
      0      -0.250473   0.068268   0.020431
      1       0.055544  -0.076199  -0.005446
      2       0.028543  -0.009632  -0.059309
      3       0.003787   0.020569  -0.014350
      4       0.000357   0.001941  -0.001354
      5      -0.001473  -0.008001   0.005582
      6       0.006479   0.001957   0.040406
      7      -0.001663  -0.000502  -0.010370
      8       0.001134   0.000342   0.007071
      9      -0.010689  -0.029743  -0.014841
     10       0.006812   0.018955   0.009458
     11       0.003442   0.009578   0.004779
     12       0.250897  -0.061050  -0.031646
     13      -0.061050   0.055805   0.007712
     14      -0.031646   0.007712   0.041878

$bmatrix
 10 15
                  0          1          2          3          4          5    
      0       0.258188  -0.851018   0.457282  -0.258188   0.851018  -0.457282
      1       0.138877  -0.128389  -0.981952   0.000000   0.000000   0.000000
      2       0.581099   0.728633   0.362517   0.000000   0.000000   0.000000
      3      -0.951989   0.272530   0.139439   0.000000   0.000000   0.000000
      4      -0.409281   0.185457  -0.431491   0.188375   0.134126   0.143255
      5      -0.512885  -0.427588   0.441279   0.000000   0.000000   0.000000
      6       0.293153   0.244426  -0.252131  -0.252544  -0.023833   0.098236
      7       0.504965  -0.105563   0.349116   0.000000   0.000000   0.000000
      8       0.310419  -0.482613  -0.242402   0.000000   0.000000   0.000000
      9      -0.214580   0.562413   0.160038   0.062058  -0.110506  -0.240695
                  6          7          8          9         10         11    
      0       0.000000   0.000000   0.000000   0.000000   0.000000   0.000000
      1      -0.138877   0.128389   0.981952   0.000000   0.000000   0.000000
      2       0.000000   0.000000   0.000000  -0.581099  -0.728633  -0.362517
      3       0.000000   0.000000   0.000000   0.000000   0.000000   0.000000
      4       0.000000   0.000000   0.000000   0.220906  -0.319583   0.288236
      5       0.329067   0.354546   0.000183   0.183819   0.073042  -0.441462
      6       0.000000   0.000000   0.000000   0.000000   0.000000   0.000000
      7      -0.461950   0.118558  -0.080835   0.000000   0.000000   0.000000
      8       0.000000   0.000000   0.000000  -0.393689   0.250897   0.126782
      9       0.152522  -0.451906   0.080657   0.000000   0.000000   0.000000
                 12         13         14    
      0       0.000000   0.000000   0.000000
      1       0.000000   0.000000   0.000000
      2       0.000000   0.000000   0.000000
      3       0.951989  -0.272530  -0.139439
      4       0.000000   0.000000   0.000000
      5       0.000000   0.000000   0.000000
      6      -0.040609  -0.220593   0.153896
      7      -0.043015  -0.012994  -0.268282
      8       0.083270   0.231717   0.115620
      9       0.000000   0.000000   0.000000

