
$orca_hessian_file

$act_atom
  0

$act_coord
  0

$act_energy
    -5186.704245

$hessian
15
                    0                  1                  2                  3                  4        
    0      3.0974445483E-01   1.1436710578E-01   1.6330059394E-02  -2.3627119221E-02   1.1354000994E-03
    1      1.1436710578E-01   3.5992165677E-01   1.0256503047E-01   1.5585601988E-02  -9.0664424759E-02
    2      1.6330059394E-02   1.0256503047E-01   5.0918781501E-01  -1.2186778208E-02   3.8125984240E-02
    3     -2.3627119221E-02   1.5585601988E-02  -1.2186778208E-02   2.8496489873E-02  -3.2430052303E-02
    4      1.1354000994E-03  -9.0664424759E-02   3.8125984240E-02  -3.2430052303E-02   1.2896459269E-01
    5     -2.7435599957E-03   3.3069541648E-02  -5.0806309891E-02   1.6389233859E-02  -6.0530087799E-02
    6     -4.1914914521E-02  -1.2035613336E-03   4.0378289387E-02   1.6293050677E-03   2.8125568534E-03
    7     -2.2804356505E-03  -4.4897824150E-02  -4.3419678044E-02   2.1202028877E-03  -9.6689272196E-03
    8      3.6707806852E-02  -4.7355446345E-02  -3.3732793075E-01  -1.1652515782E-03   3.6794586601E-03
    9     -1.3660826258E-01  -1.3365166905E-01  -6.6654664100E-02   4.4798455697E-03   9.6527810268E-03
   10     -1.3259256179E-01  -1.9804573396E-01  -8.8505643697E-02  -3.6109575327E-03  -1.8310886574E-02
   11     -6.2903816682E-02  -8.4506933872E-02  -8.9377642722E-02   3.7789994619E-03   1.7140295995E-02
   12     -1.0696564682E-01   5.1388037126E-03   2.2000776739E-02  -1.1677326814E-02   1.8593704921E-02
   13      1.9353158291E-02  -2.6631241965E-02  -9.1357537586E-03   1.8141399641E-02  -1.0273117637E-02
   14      1.2938753496E-02  -4.0910327560E-03  -3.1540183539E-02  -6.8679738220E-03   2.0299756588E-03
                    5                  6                  7                  8                  9        
    0     -2.7435599957E-03  -4.1914914521E-02  -2.2804356505E-03   3.6707806852E-02  -1.3660826258E-01
    1      3.3069541648E-02  -1.2035613336E-03  -4.4897824150E-02  -4.7355446345E-02  -1.3365166905E-01
    2     -5.0806309891E-02   4.0378289387E-02  -4.3419678044E-02  -3.3732793075E-01  -6.6654664100E-02
    3      1.6389233859E-02   1.6293050677E-03   2.1202028877E-03  -1.1652515782E-03   4.4798455697E-03
    4     -6.0530087799E-02   2.8125568534E-03  -9.6689272196E-03   3.6794586601E-03   9.6527810268E-03
    5      5.0685838115E-02  -5.9979558319E-03   2.4352196102E-02  -4.3890953003E-03  -3.2715420323E-04
    6     -5.9979558319E-03   5.1477287823E-02  -7.4847094734E-03  -3.7028991331E-02   5.6347528483E-03
    7      2.4352196102E-02  -7.4847094734E-03   5.2959954729E-02   4.3466983495E-02   4.0023430446E-03
    8     -4.3890953003E-03  -3.7028991331E-02   4.3466983495E-02   3.4355298690E-01   2.3093990381E-03
    9     -3.2715420323E-04   5.6347528483E-03   4.0023430446E-03   2.3093990381E-03   1.4836113458E-01
   10      1.0347040872E-03  -1.5080099179E-03   9.8239158021E-04   1.9795022782E-04   1.2677255598E-01
   11      1.3943996357E-03  -1.7122338011E-02  -2.0701904450E-02  -5.5271654865E-03   6.8443797260E-02
   12     -7.1900180002E-03  -1.6840377851E-02   3.6198604179E-03  -7.7996585641E-04  -2.1752056301E-02
   13      2.1691157957E-03   7.3841216780E-03   6.1693345044E-04   1.0856953896E-05  -6.7436871514E-03
   14      3.5310083147E-03   1.9772657835E-02  -3.6950466146E-03   3.7400788563E-03  -3.8651476433E-03
                   10                 11                 12                 13                 14        
    0     -1.3259256179E-01  -6.2903816682E-02  -1.0696564682E-01   1.9353158291E-02   1.2938753496E-02
    1     -1.9804573396E-01  -8.4506933872E-02   5.1388037126E-03  -2.6631241965E-02  -4.0910327560E-03
    2     -8.8505643697E-02  -8.9377642722E-02   2.2000776739E-02  -9.1357537586E-03  -3.1540183539E-02
    3     -3.6109575327E-03   3.7789994619E-03  -1.1677326814E-02   1.8141399641E-02  -6.8679738220E-03
    4     -1.8310886574E-02   1.7140295995E-02   1.8593704921E-02  -1.0273117637E-02   2.0299756588E-03
    5      1.0347040872E-03   1.3943996357E-03  -7.1900180002E-03   2.1691157957E-03   3.5310083147E-03
    6     -1.5080099179E-03  -1.7122338011E-02  -1.6840377851E-02   7.3841216780E-03   1.9772657835E-02
    7      9.8239158021E-04  -2.0701904450E-02   3.6198604179E-03   6.1693345044E-04  -3.6950466146E-03
    8      1.9795022782E-04  -5.5271654865E-03  -7.7996585641E-04   1.0856953896E-05   3.7400788563E-03
    9      1.2677255598E-01   6.8443797260E-02  -2.1752056301E-02  -6.7436871514E-03  -3.8651476433E-03
   10      2.0945231403E-01   8.5481288066E-02   1.0983839106E-02   5.9632607071E-03   1.7660544360E-03
   11      8.5481288066E-02   9.0172970424E-02   7.8083970782E-03   2.6640643704E-03   3.3241283366E-03
   12      1.0983839106E-02   7.8083970782E-03   1.5725310583E-01  -3.8201704296E-02  -2.2049887709E-02
   13      5.9632607071E-03   2.6640643704E-03  -3.8201704296E-02   3.0542328764E-02   4.2343901077E-03
   14      1.7660544360E-03   3.3241283366E-03  -2.2049887709E-02   4.2343901077E-03   2.0277840237E-02

$vibrational_frequencies
15
    0        0.000000
    1        0.000000
    2        0.000000
    3        0.000000
    4        0.000000
    5        0.000000
    6      168.556610
    7      574.641726
    8      629.705396
    9      806.598537
   10     1102.174353
   11     1205.709836
   12     1413.221644
   13     3125.633086
   14     3221.306821

$normal_modes
15 15
                    0                  1                  2                  3                  4        
    0      0.0000000000E+00   0.0000000000E+00   0.0000000000E+00   0.0000000000E+00   0.0000000000E+00
    1      0.0000000000E+00   0.0000000000E+00   0.0000000000E+00   0.0000000000E+00   0.0000000000E+00
    2      0.0000000000E+00   0.0000000000E+00   0.0000000000E+00   0.0000000000E+00   0.0000000000E+00
    3      0.0000000000E+00   0.0000000000E+00   0.0000000000E+00   0.0000000000E+00   0.0000000000E+00
    4      0.0000000000E+00   0.0000000000E+00   0.0000000000E+00   0.0000000000E+00   0.0000000000E+00
    5      0.0000000000E+00   0.0000000000E+00   0.0000000000E+00   0.0000000000E+00   0.0000000000E+00
    6      0.0000000000E+00   0.0000000000E+00   0.0000000000E+00   0.0000000000E+00   0.0000000000E+00
    7      0.0000000000E+00   0.0000000000E+00   0.0000000000E+00   0.0000000000E+00   0.0000000000E+00
    8      0.0000000000E+00   0.0000000000E+00   0.0000000000E+00   0.0000000000E+00   0.0000000000E+00
    9      0.0000000000E+00   0.0000000000E+00   0.0000000000E+00   0.0000000000E+00   0.0000000000E+00
   10      0.0000000000E+00   0.0000000000E+00   0.0000000000E+00   0.0000000000E+00   0.0000000000E+00
   11      0.0000000000E+00   0.0000000000E+00   0.0000000000E+00   0.0000000000E+00   0.0000000000E+00
   12      0.0000000000E+00   0.0000000000E+00   0.0000000000E+00   0.0000000000E+00   0.0000000000E+00
   13      0.0000000000E+00   0.0000000000E+00   0.0000000000E+00   0.0000000000E+00   0.0000000000E+00
   14      0.0000000000E+00   0.0000000000E+00   0.0000000000E+00   0.0000000000E+00   0.0000000000E+00
                    5                  6                  7                  8                  9        
    0      0.0000000000E+00   2.7724798332E-01  -3.9956717436E-01  -4.9713447399E-01   4.4211708621E-02
    1      0.0000000000E+00   2.3042797358E-01  -3.3349530946E-01   4.6172698494E-01   8.4077563070E-02
    2      0.0000000000E+00  -2.3848170143E-01   3.4443676332E-01  -1.2973092373E-01   1.3215369383E-01
    3      0.0000000000E+00  -3.6059303107E-01  -4.4984077237E-03   1.6303318751E-02  -2.4295675858E-03
    4      0.0000000000E+00   2.9197590872E-01   6.4909863306E-02  -6.0239247658E-02  -4.5845773879E-03
    5      0.0000000000E+00  -6.7412713454E-02  -3.9900955105E-02   3.2969420525E-02  -7.2700901291E-03
    6      0.0000000000E+00   2.7721622207E-01  -3.3335694018E-01  -3.6715556561E-01  -4.8434672987E-01
    7      0.0000000000E+00   2.2842809555E-01  -2.5961318929E-01   3.3626172221E-01  -4.8049753220E-01
    8      0.0000000000E+00  -2.4320198030E-01   3.5046078419E-01  -9.4872821816E-02   1.4403431900E-01
    9      0.0000000000E+00   2.7749736228E-01  -3.6306892967E-01  -3.6259717625E-01   3.4564042002E-01
   10      0.0000000000E+00   2.3358900007E-01  -3.2279196382E-01   3.3886685027E-01   2.0970878335E-01
   11      0.0000000000E+00  -2.3205268599E-01   2.4797099528E-01  -9.8292279781E-02  -5.6893881262E-01
   12      0.0000000000E+00   3.1191747637E-01   7.3349454133E-02   6.7635015803E-02  -2.4666886335E-03
   13      0.0000000000E+00  -3.3244378886E-01  -7.4295559676E-03  -1.7687315762E-02  -4.6382079837E-03
   14      0.0000000000E+00   1.0925827565E-01  -1.9426318963E-02  -1.1030640208E-02  -7.2354704095E-03
                   10                 11                 12                 13                 14        
    0      9.4163347144E-05   6.6445833077E-02   5.0853314517E-02   4.1583302306E-02  -2.6818424987E-02
    1     -1.1216354505E-04  -6.1699656553E-02   4.2442174841E-02   3.4661284429E-02  -5.1915714732E-02
    2      2.0168315949E-04   1.7449314920E-02  -4.3794472982E-02  -3.5882185822E-02  -8.1371629148E-02
    3     -1.3170417444E-03  -1.5383381298E-03  -5.3877411701E-05  -5.7484618863E-05   3.2354029113E-05
    4     -2.5701156613E-03  -3.7368222110E-03   1.4477791569E-03  -8.1954952968E-05   6.1934349317E-05
    5     -4.0110697564E-03   2.9056906980E-03  -9.0457197985E-04   7.0868074853E-05   9.9089375601E-05
    6      5.0704491888E-01  -5.0825517187E-01  -4.7637972237E-01  -8.2393040452E-02  -9.1130606683E-02
    7     -4.7159610001E-01   4.7166105118E-01  -5.1914048505E-01   1.0715968803E-01   9.7046210557E-02
    8      1.3341337086E-01  -1.3335051892E-01  -2.0597474940E-02   6.9314731243E-01   6.9019289271E-01
    9     -5.1005741080E-01  -5.0541039927E-01  -2.5535190918E-01  -4.0082049307E-01   4.0568150489E-01
   10      4.7374827639E-01   4.6888114497E-01  -9.1275400972E-02  -5.1003597486E-01   5.1165913929E-01
   11     -1.3438252862E-01  -1.3253287807E-01   6.5060300805E-01  -2.7615772781E-01   2.6363349023E-01
   12      1.3408915054E-03   4.3380126557E-03   1.6406899766E-03  -9.7431553961E-05   3.0834921252E-05
   13      2.5598253302E-03   1.1461844280E-03  -1.2705010681E-04  -4.5922270465E-05   6.3030068670E-05
   14      3.9929783245E-03  -2.1744423543E-03  -4.6001077837E-04   6.2491532253E-05   9.9879882008E-05

#
# The atoms: label  mass x y z (in bohrs)
#
$atoms
5
 C     12.01100    -16.616034363386     2.530288941404     0.182628581166
 Br    79.90000    -17.565025896331     5.658785804803    -1.498477149822
 H      1.00800    -16.903124093465     2.795715104268     2.212620010798
 H      1.00800    -17.817270505274     1.024071943278    -0.566778287265
 Br    79.90000    -13.116274399820     1.528535296748    -0.330076302827

$actual_temperature
  0.000000

$frequency_scale_factor
  1.000000

$dipole_derivatives
15
    7.5762638135E-01   -5.2606868103E-01    9.3282831933E-02
   -5.2509816394E-01    6.4056417250E-01   -2.2125345421E-01
    8.8578489597E-02   -2.1223039864E-01    1.2662445281E-01
   -2.0341056313E-01    1.3767626500E-01   -4.4654498387E-02
    2.5483620243E-01   -3.7982340073E-01    1.1156648528E-01
   -1.1899266641E-01    1.4986975969E-01   -1.2928972038E-01
   -4.8354647805E-02    7.7383340874E-02    1.0422754458E-02
    7.8033909818E-02   -2.5377048614E-02    4.9914314272E-02
    5.6497975052E-03    3.9154840568E-02    4.9956068727E-03
   -6.6060426433E-02    4.4144527937E-02   -1.9316529198E-02
    4.7150365337E-02   -5.3170621072E-02    2.9185494954E-02
   -6.8232990164E-03    4.4699678229E-02    6.3655358389E-02
   -4.4485163141E-01    2.6600276325E-01   -4.7249275487E-02
    1.4895071416E-01   -1.9293483618E-01    2.7664164548E-02
    2.6239706434E-02   -9.9291668682E-03   -7.4236430258E-02

#
# The IR spectrum
#  wavenumber eps Int TX TY TZ
#
$ir_spectrum
15
      0.00   0.00000000   0.00000000     0.000000     0.000000     0.000000
      0.00   0.00000000   0.00000000     0.000000     0.000000     0.000000
      0.00   0.00000000   0.00000000     0.000000     0.000000     0.000000
      0.00   0.00000000   0.00000000     0.000000     0.000000     0.000000
      0.00   0.00000000   0.00000000     0.000000     0.000000     0.000000
      0.00   0.00000000   0.00000000     0.000000     0.000000     0.000000
    168.56   0.00001393   0.07038788     0.003464     0.002270    -0.002939
    574.64   0.00078268   3.95535442    -0.013535    -0.010377     0.011583
    629.71   0.01909910  96.51902096    -0.070135     0.064916    -0.018219
    806.60   0.00083491   4.21929379    -0.004976    -0.009013    -0.014731
   1102.17   0.00000468   0.02363696    -0.000810     0.000597    -0.000558
   1205.71   0.01337062  67.56965099     0.042183    -0.039369     0.011456
   1413.22   0.00001310   0.06621757     0.000521     0.001524     0.000546
   3125.63   0.00038562   1.94878621     0.004152     0.003120    -0.003395
   3221.31   0.00023203   1.17259178     0.001439     0.002341     0.003863

$polarizability_derivatives
15
   -4.9565549147E+00    1.3191578301E+00    1.1525468062E+00    2.7053141236E+00    1.1268131769E+00    1.6282195960E-02
    1.4990485508E+00   -2.6198304547E+00   -9.4004957149E-01    2.3738197561E+00   -3.8159445059E-01    2.8545414836E+00
    1.7966600856E+00    3.0237027489E+00   -2.6871904284E+00   -8.7000685117E-01    1.0807929633E+00   -1.3342407799E+00
   -7.2553689873E+00   -1.8865841411E+00   -6.1713479462E-01    6.2522590753E+00   -2.7430137992E+00    5.4232400154E-01
    2.7777838411E+00    1.3926862228E+01    1.2346122538E+00   -5.2101079473E+00    6.9110144669E-01   -3.4955688864E+00
   -1.3855427872E+00   -1.7683791028E+00   -5.0733629723E+00    1.0045958031E+00   -3.3091251492E+00    5.7071497480E+00
   -2.7408447824E-01   -1.9776648729E-01   -9.6029396972E-01   -5.3180302937E-01    2.1015556638E+00   -6.5881518849E-02
    2.5181038967E-01    8.0648123837E-01    3.7926702313E-01   -1.1454054690E+00   -7.0751810984E-02    1.3600310046E+00
    1.4327340234E+00    6.6444183915E-01    8.3776366259E+00   -1.9473739937E-01   -1.9150517075E+00   -4.9163837249E-01
   -3.5981386103E+00   -2.0254678702E+00   -5.4494403313E-01   -2.9985899292E+00   -7.4162744758E-01    1.2484145464E-03
   -2.3848400721E+00   -5.1010606477E+00   -2.7306483211E-01   -2.8184059195E+00   -4.8720242887E-02   -8.1221623352E-01
   -1.6177709215E+00   -1.7314175623E+00   -6.1109519687E-01    1.3807394868E-03   -1.5151701372E+00   -1.0622236744E+00
    1.6082849181E+01    2.7882037278E+00    9.7076678824E-01   -5.4267211194E+00    2.5595976197E-01   -4.9364459715E-01
   -2.1424715276E+00   -7.0096096140E+00   -3.9866684889E-01    6.7993821543E+00   -1.9066917890E-01    9.3094168541E-02
   -2.3204290816E-01   -1.9244073788E-01   -8.0596092229E-03    6.0498447167E-02    5.6583837871E+00   -2.8184244560E+00

#
# The Raman spectrum
#  wavenumber Activity Depolarization
#
$raman_spectrum
15
      0.00       0.0000       0.0000
      0.00       0.0000       0.0000
      0.00       0.0000       0.0000
      0.00       0.0000       0.0000
      0.00       0.0000       0.0000
      0.00       0.0000       0.0000
    168.56       5.3683       0.4585
    574.64      13.4296       0.0952
    629.71       5.3619       0.7500
    806.60       2.4057       0.7500
   1102.17       8.4322       0.7500
   1205.71       0.7438       0.7499
   1413.22      13.7687       0.7274
   3125.63      97.2431       0.0747
   3221.31      58.0504       0.7500


$end

