
$orca_hessian_file

$act_atom
  0

$act_coord
  0

$act_energy
    -1878.029124

$hessian
15
                    0                  1                  2                  3                  4        
    0      2.2963021193E-01   2.5322807720E-05  -8.7289632529E-05  -6.8702982263E-02   3.8684608241E-02
    1      2.5322807720E-05   2.2981131501E-01  -3.1222885728E-04   3.8457313592E-02  -7.1936109107E-02
    2     -8.7289632529E-05  -3.1222885728E-04   2.2931202871E-01   2.1708653841E-03  -2.4063505028E-03
    3     -6.8702982263E-02   3.8457313592E-02   2.1708653841E-03   1.0839323612E-01  -7.5453736723E-02
    4      3.8684608241E-02  -7.1936109107E-02  -2.4063505028E-03  -7.5453736723E-02   1.1474846033E-01
    5      2.3180112548E-03  -2.2618212504E-03  -3.2083595648E-02  -4.4413051217E-03   4.5986851739E-03
    6     -4.4453683605E-02  -2.7547797305E-02   8.6400458930E-03   6.2622520352E-03   1.1115729366E-02
    7     -2.7525571817E-02  -9.0199064096E-02   1.7976712246E-02   5.7195901622E-03  -4.0651675438E-02
    8      8.5646744217E-03   1.8045477687E-02  -3.7168596174E-02  -1.1430850457E-03   5.8852614341E-03
    9     -4.1421031487E-02   1.9034379236E-03   2.5255724597E-02  -1.3874224383E-02   1.4302723924E-02
   10      1.8505096018E-03  -3.2151745501E-02  -5.0262579347E-03   1.5577974383E-02  -4.9897359573E-03
   11      2.5380294979E-02  -5.1657665285E-03  -9.8814744008E-02   1.7277023457E-02  -1.3015128434E-02
   12     -7.4993287426E-02  -1.2431484715E-02  -3.5960491047E-02  -3.2155545364E-02   1.1268794617E-02
   13     -1.2999352951E-02  -3.5424696000E-02  -1.0198086053E-02   1.5442046854E-02   2.6241123846E-03
   14     -3.5868733149E-02  -1.0826722004E-02  -6.1562659912E-02  -1.3976313739E-02   4.9056444882E-03
                    5                  6                  7                  8                  9        
    0      2.3180112548E-03  -4.4453683605E-02  -2.7525571817E-02   8.5646744217E-03  -4.1421031487E-02
    1     -2.2618212504E-03  -2.7547797305E-02  -9.0199064096E-02   1.8045477687E-02   1.9034379236E-03
    2     -3.2083595648E-02   8.6400458930E-03   1.7976712246E-02  -3.7168596174E-02   2.5255724597E-02
    3     -4.4413051217E-03   6.2622520352E-03   5.7195901622E-03  -1.1430850457E-03  -1.3874224383E-02
    4      4.5986851739E-03   1.1115729366E-02  -4.0651675438E-02   5.8852614341E-03   1.4302723924E-02
    5      3.7316846894E-02  -2.1448413593E-03   7.2553976083E-03   5.2134490037E-03   2.1111012705E-02
    6     -2.1448413593E-03   6.1380602082E-02   5.3909175336E-02  -1.6763305115E-02  -4.6980876038E-03
    7      7.2553976083E-03   5.3909175336E-02   1.5078446944E-01  -3.5225399326E-02  -1.0131880996E-02
    8      5.2134490037E-03  -1.6763305115E-02  -3.5225399326E-02   4.6925523260E-02   1.7782255043E-02
    9      2.1111012705E-02  -4.6980876038E-03  -1.0131880996E-02   1.7782255043E-02   5.5267235896E-02
   10     -1.7045222573E-02  -1.2162295881E-02  -4.5376855507E-03   2.1058017482E-02  -3.7213089312E-03
   11     -1.0438769566E-02   1.6030481836E-02   1.6048370874E-02  -1.9879770003E-02  -4.9600512716E-02
   12     -1.6730875317E-02  -1.8653173189E-02  -2.1936015592E-02  -8.5572973369E-03   4.7625495305E-03
   13      7.5631087346E-03  -2.5333249435E-02  -1.5341439828E-02  -9.7423764255E-03  -2.2939318940E-03
   14      3.9282831081E-04  -5.7855668516E-03  -6.1209076852E-03   4.7837745458E-03  -1.4637391081E-02
                   10                 11                 12                 13                 14        
    0      1.8505096018E-03   2.5380294979E-02  -7.4993287426E-02  -1.2999352951E-02  -3.5868733149E-02
    1     -3.2151745501E-02  -5.1657665285E-03  -1.2431484715E-02  -3.5424696000E-02  -1.0826722004E-02
    2     -5.0262579347E-03  -9.8814744008E-02  -3.5960491047E-02  -1.0198086053E-02  -6.1562659912E-02
    3      1.5577974383E-02   1.7277023457E-02  -3.2155545364E-02   1.5442046854E-02  -1.3976313739E-02
    4     -4.9897359573E-03  -1.3015128434E-02   1.1268794617E-02   2.6241123846E-03   4.9056444882E-03
    5     -1.7045222573E-02  -1.0438769566E-02  -1.6730875317E-02   7.5631087346E-03   3.9282831081E-04
    6     -1.2162295881E-02   1.6030481836E-02  -1.8653173189E-02  -2.5333249435E-02  -5.7855668516E-03
    7     -4.5376855507E-03   1.6048370874E-02  -2.1936015592E-02  -1.5341439828E-02  -6.1209076852E-03
    8      2.1058017482E-02  -1.9879770003E-02  -8.5572973369E-03  -9.7423764255E-03   4.7837745458E-03
    9     -3.7213089312E-03  -4.9600512716E-02   4.7625495305E-03  -2.2939318940E-03  -1.4637391081E-02
   10      3.7192357957E-02   1.0175294767E-02  -1.5224463578E-03   4.4867440056E-03  -8.8821355931E-03
   11      1.0175294767E-02   1.6758506214E-01  -9.1029489425E-03  -7.8940117883E-03  -3.8448262129E-02
   12     -1.5224463578E-03  -9.1029489425E-03   1.2118201543E-01   2.4801175818E-02   7.0271043065E-02
   13      4.4867440056E-03  -7.8940117883E-03   2.4801175818E-02   4.3706587785E-02   2.0609616324E-02
   14     -8.8821355931E-03  -3.8448262129E-02   7.0271043065E-02   2.0609616324E-02   9.4872340881E-02

$vibrational_frequencies
15
    0        0.000000
    1        0.000000
    2        0.000000
    3        0.000000
    4        0.000000
    5        0.000000
    6      212.707656
    7      212.909939
    8      310.520366
    9      310.835734
   10      311.164402
   11      451.080289
   12      753.437612
   13      754.257591
   14      754.602326

$normal_modes
15 15
                    0                  1                  2                  3                  4        
    0      0.0000000000E+00   0.0000000000E+00   0.0000000000E+00   0.0000000000E+00   0.0000000000E+00
    1      0.0000000000E+00   0.0000000000E+00   0.0000000000E+00   0.0000000000E+00   0.0000000000E+00
    2      0.0000000000E+00   0.0000000000E+00   0.0000000000E+00   0.0000000000E+00   0.0000000000E+00
    3      0.0000000000E+00   0.0000000000E+00   0.0000000000E+00   0.0000000000E+00   0.0000000000E+00
    4      0.0000000000E+00   0.0000000000E+00   0.0000000000E+00   0.0000000000E+00   0.0000000000E+00
    5      0.0000000000E+00   0.0000000000E+00   0.0000000000E+00   0.0000000000E+00   0.0000000000E+00
    6      0.0000000000E+00   0.0000000000E+00   0.0000000000E+00   0.0000000000E+00   0.0000000000E+00
    7      0.0000000000E+00   0.0000000000E+00   0.0000000000E+00   0.0000000000E+00   0.0000000000E+00
    8      0.0000000000E+00   0.0000000000E+00   0.0000000000E+00   0.0000000000E+00   0.0000000000E+00
    9      0.0000000000E+00   0.0000000000E+00   0.0000000000E+00   0.0000000000E+00   0.0000000000E+00
   10      0.0000000000E+00   0.0000000000E+00   0.0000000000E+00   0.0000000000E+00   0.0000000000E+00
   11      0.0000000000E+00   0.0000000000E+00   0.0000000000E+00   0.0000000000E+00   0.0000000000E+00
   12      0.0000000000E+00   0.0000000000E+00   0.0000000000E+00   0.0000000000E+00   0.0000000000E+00
   13      0.0000000000E+00   0.0000000000E+00   0.0000000000E+00   0.0000000000E+00   0.0000000000E+00
   14      0.0000000000E+00   0.0000000000E+00   0.0000000000E+00   0.0000000000E+00   0.0000000000E+00
                    5                  6                  7                  8                  9        
    0      0.0000000000E+00  -1.3910190468E-03   1.5914469090E-03  -2.8658098441E-01   1.6044346466E-01
    1      0.0000000000E+00   9.1485248539E-04  -6.5368557968E-04   1.6595697572E-01   2.2740699301E-01
    2      0.0000000000E+00  -3.9611307467E-04   1.8487005731E-03   4.5999382149E-02   1.8257936292E-01
    3      0.0000000000E+00   3.6071485818E-01  -9.9558567051E-04  -3.5111933124E-01  -2.9934469894E-01
    4      0.0000000000E+00   3.4601139084E-01  -3.1917053314E-02   5.0788346180E-01  -1.1583068736E-01
    5      0.0000000000E+00   2.2818964118E-02   4.9720405693E-01  -8.5563716702E-03  -1.9146401213E-01
    6      0.0000000000E+00   3.7194463070E-01  -2.6602064761E-01   3.2676482968E-01   9.1717470356E-02
    7      0.0000000000E+00  -2.4555473912E-01  -6.2575933531E-03  -1.3898423122E-01   3.1625151644E-01
    8      0.0000000000E+00  -2.2823589727E-01  -4.2558418526E-01  -6.1563939827E-02  -3.6974909162E-01
    9      0.0000000000E+00  -4.0250284350E-01   2.3555399198E-01   1.4729058863E-01  -3.1212961273E-01
   10      0.0000000000E+00  -2.6526063229E-01  -4.2181427525E-01  -1.4727980327E-01  -2.1797887168E-01
   11      0.0000000000E+00  -1.3137992991E-01   1.2366029648E-01   3.8384222948E-01   1.6415169808E-01
   12      0.0000000000E+00  -3.2968538681E-01   3.0923080473E-02  -2.5846300482E-02   4.6540075145E-01
   13      0.0000000000E+00   1.6449404085E-01   4.6021038181E-01  -2.7784342063E-01  -5.9484390856E-02
   14      0.0000000000E+00   3.3693106085E-01  -1.9590648306E-01  -3.2930589054E-01   3.3520597093E-01
                   10                 11                 12                 13                 14        
    0     -5.8970290301E-02  -9.7414644643E-04  -2.7519941018E-01  -9.3814308945E-01  -2.2169228335E-02
    1     -1.7792493876E-01   3.8899174815E-04  -3.8908666649E-01   9.2799443721E-02   8.9238398703E-01
    2      2.7470583246E-01  -7.0404610954E-04  -8.5396603287E-01   2.5994751567E-01  -3.9946747944E-01
    3      2.2140488933E-01  -3.4620879332E-01  -1.3609803397E-03   1.0595090499E-01   6.1997704115E-02
    4      3.0355016952E-02   3.6157644673E-01   2.7590436303E-02  -7.6327749556E-02  -9.8557221776E-02
    5     -3.0954532178E-01   2.1543672999E-02   3.3833930880E-02  -1.4150581783E-02   1.1853198485E-02
    6     -2.4668763145E-01  -2.0491905164E-01   2.3311229722E-02   5.7102174499E-02  -4.8854142559E-02
    7     -4.6971731028E-01  -4.3528506328E-01   4.1978595074E-02   4.1306980412E-02  -1.3962602339E-01
    8     -9.2537858208E-02   1.3374677358E-01   2.4751876581E-02  -2.3897841008E-02   4.7826017048E-02
    9     -2.1598734504E-01   1.7679565102E-01  -2.4644242714E-02   6.4524333970E-02  -1.3668071488E-02
   10      2.5068250595E-01  -3.6035168772E-02   2.2119669890E-02  -9.0245244534E-03  -3.1637908997E-02
   11      4.4271028266E-01  -4.6651231135E-01   1.2690351647E-01  -8.4645829036E-02   5.4365403187E-02
   12      2.6124842910E-01   3.7466222166E-01   9.5927855507E-02   9.0252858944E-02   8.0351465932E-03
   13      2.4895836576E-01   1.0961200014E-01   4.0128632985E-02   1.2606089058E-02  -3.2506549223E-02
   14     -1.3369374735E-01   3.1146038614E-01   1.0382289283E-01   3.4627526565E-02   2.1289595468E-02

#
# The atoms: label  mass x y z (in bohrs)
#
$atoms
5
 C     12.01100    -15.704089432848     6.571180313335     0.000051805687
 Cl    35.45300    -18.038895521701     9.009029386936     0.140297910704
 Cl    35.45300    -17.094405147708     3.627304411743     0.905402952348
 Cl    35.45300    -14.513955731917     6.333646917995    -3.153291361085
 Cl    35.45300    -13.169273248202     7.314985696066     2.107570817690

$actual_temperature
  0.000000

$frequency_scale_factor
  1.000000

$dipole_derivatives
15
    1.4137780017E+00    2.9550594438E-04    2.6907562619E-04
    3.3090693059E-04    1.4132412379E+00   -3.5566829197E-04
    1.8591647013E-04   -3.0008172139E-04    1.4137457236E+00
   -4.4201659385E-01    3.0918794130E-01    1.7862094744E-02
    3.0916621727E-01   -4.6872989437E-01   -1.8623193492E-02
    1.7077549513E-02   -1.7808826322E-02   -1.4557769724E-01
   -2.5044718804E-01   -2.2179516766E-01    6.8185835144E-02
   -2.2240120768E-01   -6.1696667135E-01    1.4482197883E-01
    6.7838306768E-02    1.4375695050E-01   -1.8981465286E-01
   -2.2230887312E-01    1.5308744211E-02    2.0299511435E-01
    1.4836464923E-02   -1.4773249219E-01   -3.9396932959E-02
    2.0408627768E-01   -4.0823654432E-02   -6.8645068369E-01
   -4.9498673346E-01   -1.0249302544E-01   -2.9031195994E-01
   -1.0166023634E-01   -1.7521556670E-01   -8.4469738822E-02
   -2.8996551669E-01   -8.5008127173E-02   -3.8703098357E-01

#
# The IR spectrum
#  wavenumber eps Int TX TY TZ
#
$ir_spectrum
15
      0.00   0.00000000   0.00000000     0.000000     0.000000     0.000000
      0.00   0.00000000   0.00000000     0.000000     0.000000     0.000000
      0.00   0.00000000   0.00000000     0.000000     0.000000     0.000000
      0.00   0.00000000   0.00000000     0.000000     0.000000     0.000000
      0.00   0.00000000   0.00000000     0.000000     0.000000     0.000000
      0.00   0.00000000   0.00000000     0.000000     0.000000     0.000000
    212.71   0.00000001   0.00004923    -0.000051     0.000102    -0.000037
    212.91   0.00000002   0.00008998     0.000160     0.000025     0.000006
    310.52   0.00000843   0.04262133     0.002444    -0.001532    -0.000393
    310.84   0.00000960   0.04853310    -0.001541    -0.002084    -0.001710
    311.16   0.00000977   0.04936481     0.000695     0.001685    -0.002545
    451.08   0.00000001   0.00003125    -0.000058    -0.000008    -0.000029
    753.44   0.03664784 185.20317177    -0.034694    -0.048989    -0.107589
    754.26   0.03664710 185.19944311    -0.118137     0.011688     0.032699
    754.60   0.03664657 185.19672663    -0.002773     0.112318    -0.050320

$polarizability_derivatives
15
   -1.7738262279E-01    1.5642089713E+00   -1.4041916905E+00   -7.6700467211E-01   -7.4085076262E-01   -4.9534385702E-01
   -7.7242780967E-01    6.8889039319E-01    9.6832425367E-02    1.5500811763E+00   -4.9389880841E-01   -6.1615908864E-01
   -7.4850146249E-01   -6.2091265760E-01    1.3556018648E+00   -4.9634920589E-01   -1.3978343539E+00    9.6965089868E-02
   -1.0229392903E+01   -2.0263479092E+00   -1.0408221126E+00    5.4864377252E+00    1.9591914276E-01   -1.7033026307E-01
    2.1387828117E+00    1.0900348179E+01    8.4978656073E-01   -5.2317570940E+00   -1.7082490625E-01    2.2408378490E-01
   -2.2956682969E-03    2.8044595356E-02    7.6703764672E-01   -1.6930403172E-01   -4.2556414307E+00    4.2089538500E+00
   -5.5689226757E+00   -1.5059905513E+00   -8.4283661164E-01   -5.8002033042E+00    1.6136570671E+00    3.1343491379E-01
   -1.7515956857E+00   -1.3786216507E+01   -1.2487475443E+00   -3.4161650329E+00    3.1303842493E-01    2.2961797316E+00
    3.6833962543E-01    1.0562009645E+00    3.7403123537E+00    3.1508414990E-01   -2.7528593844E+00   -5.3006680321E+00
    4.6511648949E+00    6.8391828755E-01    1.4441220044E+00   -5.7846774642E-01   -6.0219194779E+00    1.4126494801E-02
   -2.5009558889E-01   -7.7705056110E-01   -3.2766657226E-01    2.3238370272E+00    1.4254705881E-02   -5.5409912910E+00
   -1.6803212835E+00   -1.1933608377E+00   -1.5079062177E+01    1.0022388746E-02    3.0759135376E+00   -6.5289054559E-01
    1.1324399000E+01    1.2835326976E+00    1.8437922595E+00    1.6587794540E+00    4.9527143158E+00    3.3922485640E-01
    6.3366375336E-01    2.9759269348E+00    6.2717621824E-01    4.7845332569E+00    3.3999232276E-01    3.6362954977E+00
    2.0610089896E+00    7.3065212451E-01    9.2160416639E+00    3.4040119536E-01    5.3287049735E+00    1.6476640233E+00

#
# The Raman spectrum
#  wavenumber Activity Depolarization
#
$raman_spectrum
15
      0.00       0.0000       0.0000
      0.00       0.0000       0.0000
      0.00       0.0000       0.0000
      0.00       0.0000       0.0000
      0.00       0.0000       0.0000
      0.00       0.0000       0.0000
    212.71       4.1763       0.7500
    212.91       4.1730       0.7500
    310.52       5.3934       0.7500
    310.84       5.3966       0.7500
    311.16       5.4017       0.7500
    451.08      16.3958       0.0000
    753.44       1.5540       0.7500
    754.26       1.5597       0.7500
    754.60       1.5444       0.7500


$end

