
$orca_opt_file

$trust
    0.300000000000

$epredict
    0.000000000000

$ediffsc
  1000.000000000000

$ctyp
  3

$coordinates
 1 15
 -15.70407336   6.57116625   0.00006508 -18.03889603   9.00904374   0.14031112
 -17.09440719   3.62730178   0.90538400 -14.51395834   6.33363116  -3.15329651
 -13.16928416   7.31500379   2.10756842

# redundant internal coordinates
#  nbonds nangles ndihedrals nimpropers ncartesians
# bond  definitions A B
# angle definitions A B C
# dihedral definitions A B C D
# improper torsion definitions A B C D
# cartesian definitions A x/y/z
$redundant_internals
 4 6 0 0 0
   1   0   0
   2   0   0
   3   0   0
   4   0   0
   1   0   3   0   0
   2   0   3   0   0
   1   0   4   0   0
   2   0   4   0   0
   3   0   4   0   0
   1   0   2   0   0
$energies
 1
 -1878.0291244635175190

$gradients
 1 15
   0.0000125023526478  -0.0000688260634775   0.0000351378652768  -0.0000222806511665
  -0.0000639001887615   0.0000335042854212   0.0000213905312024  -0.0000627240394401
   0.0000266722695117  -0.0000120039811270  -0.0000512293188810   0.0000156257483384
  -0.0000036809785004  -0.0000393168854359   0.0000092324249694

$redundant_coords
 1 10
   3.3785074446664973   3.3791964345440859   3.3788290842534336   3.3793521392005381
   1.9101596305229327   1.9110303854833186   1.9109683842514937   1.9105867200749953
   1.9105990970576279   1.9104552205238721

$redundant_gradients
 1 10
   0.0000103928694619  -0.0000036157575976   0.0000034863690736  -0.0000074455427177
  -0.0000020548720598  -0.0000031937427595  -0.0000044963545091   0.0000075300118914
   0.0000032063293600  -0.0000009954886849

$hessian_approx
 15 15
                  0          1          2          3          4          5    
      0       0.609280  -0.000161  -0.000069  -0.189787   0.129171   0.007417
      1      -0.000161   0.609174  -0.000134   0.129171  -0.200948  -0.007750
      2      -0.000069  -0.000134   0.609229   0.007429  -0.007762  -0.066512
      3      -0.189787   0.129171   0.007429   0.181158  -0.137407  -0.007908
      4       0.129171  -0.200948  -0.007762  -0.137407   0.193032   0.008251
      5       0.007417  -0.007750  -0.066512  -0.007908   0.008251   0.050034
      6      -0.109833  -0.092722   0.028506   0.019746   0.019410  -0.008670
      7      -0.092700  -0.262319   0.060362  -0.010284  -0.010109   0.004515
      8       0.028496   0.060353  -0.084610  -0.003118  -0.003065   0.001369
      9      -0.098168   0.006399   0.085069  -0.002605  -0.003623   0.019605
     10       0.006395  -0.067336  -0.016970   0.003170   0.004408  -0.023853
     11       0.085090  -0.016987  -0.291517  -0.001222  -0.001699   0.009196
     12      -0.211491  -0.042688  -0.120935  -0.008511  -0.007551  -0.010444
     13      -0.042704  -0.078572  -0.035496   0.015350   0.013618   0.018837
     14      -0.120934  -0.035482  -0.166589   0.004819   0.004275   0.005914
                  6          7          8          9         10         11    
      0      -0.109833  -0.092700   0.028496  -0.098168   0.006395   0.085090
      1      -0.092722  -0.262319   0.060353   0.006399  -0.067336  -0.016987
      2       0.028506   0.060362  -0.084610   0.085069  -0.016970  -0.291517
      3       0.019746  -0.010284  -0.003118  -0.002605   0.003170  -0.001222
      4       0.019410  -0.010109  -0.003065  -0.003623   0.004408  -0.001699
      5      -0.008670   0.004515   0.001369   0.019605  -0.023853   0.009196
      6       0.096110   0.098620  -0.030320  -0.002348  -0.007146  -0.000348
      7       0.098620   0.258344  -0.064220   0.003943   0.012003   0.000584
      8      -0.030320  -0.064220   0.069279   0.009217   0.028057   0.001365
      9      -0.002348   0.003943   0.009217   0.083713  -0.006819  -0.090514
     10      -0.007146   0.012003   0.028057  -0.006819   0.050902   0.018066
     11      -0.000348   0.000584   0.001365  -0.090514   0.018066   0.289380
     12      -0.003675   0.000421  -0.004275   0.019408   0.004400   0.006993
     13      -0.018162   0.002081  -0.021125   0.000099   0.000022   0.000036
     14       0.010831  -0.001241   0.012597  -0.023377  -0.005300  -0.008424
                 12         13         14    
      0      -0.211491  -0.042704  -0.120934
      1      -0.042688  -0.078572  -0.035482
      2      -0.120935  -0.035496  -0.166589
      3      -0.008511   0.015350   0.004819
      4      -0.007551   0.013618   0.004275
      5      -0.010444   0.018837   0.005914
      6      -0.003675  -0.018162   0.010831
      7       0.000421   0.002081  -0.001241
      8      -0.004275  -0.021125   0.012597
      9       0.019408   0.000099  -0.023377
     10       0.004400   0.000022  -0.005300
     11       0.006993   0.000036  -0.008424
     12       0.204271   0.045417   0.128661
     13       0.045417   0.062850   0.037748
     14       0.128661   0.037748   0.156502

$bmatrix
 10 15
                  0          1          2          3          4          5    
      0       0.691081  -0.721584  -0.041511  -0.691081   0.721584   0.041511
      1       0.411439   0.871173  -0.267910   0.000000   0.000000   0.000000
      2      -0.352227   0.070301   0.933271   0.000000   0.000000   0.000000
      3      -0.750081  -0.220112  -0.623641   0.000000   0.000000   0.000000
      4      -0.141753   0.272464  -0.373087  -0.038350  -0.053332   0.288608
      5      -0.024801  -0.394209  -0.278576   0.000000   0.000000   0.000000
      6       0.024740   0.394264   0.278506  -0.163114  -0.144704  -0.200160
      7       0.141719  -0.272448   0.373094   0.000000   0.000000   0.000000
      8       0.461327   0.062701  -0.129556   0.000000   0.000000   0.000000
      9      -0.461365  -0.062632   0.129488   0.201440   0.198012  -0.088445
                  6          7          8          9         10         11    
      0       0.000000   0.000000   0.000000   0.000000   0.000000   0.000000
      1      -0.411439  -0.871173   0.267910   0.000000   0.000000   0.000000
      2       0.000000   0.000000   0.000000   0.352227  -0.070301  -0.933271
      3       0.000000   0.000000   0.000000   0.000000   0.000000   0.000000
      4       0.000000   0.000000   0.000000   0.180103  -0.219132   0.084480
      5      -0.067471   0.113332   0.264910   0.092272   0.280877   0.013667
      6       0.000000   0.000000   0.000000   0.000000   0.000000   0.000000
      7      -0.192390   0.022047  -0.223771   0.000000   0.000000   0.000000
      8       0.000000   0.000000   0.000000  -0.272310  -0.061740  -0.098122
      9       0.259926  -0.135380  -0.041043   0.000000   0.000000   0.000000
                 12         13         14    
      0       0.000000   0.000000   0.000000
      1       0.000000   0.000000   0.000000
      2       0.000000   0.000000   0.000000
      3       0.750081   0.220112   0.623641
      4       0.000000   0.000000   0.000000
      5       0.000000   0.000000   0.000000
      6       0.138373  -0.249560  -0.078346
      7       0.050671   0.250401  -0.149323
      8      -0.189017  -0.000961   0.227678
      9       0.000000   0.000000   0.000000

