
$orca_hessian_file

$act_atom
  0

$act_coord
  0

$act_energy
    -1418.640743

$hessian
15
                    0                  1                  2                  3                  4        
    0      2.5334039923E-01   5.7023165222E-02   3.2318898794E-02  -8.2702542712E-02   3.5266473943E-02
    1      5.7023165222E-02   4.4053377979E-01   1.1624118308E-01   5.1782106558E-02  -7.5111681111E-02
    2      3.2318898794E-02   1.1624118308E-01   3.0388548211E-01   1.5184818319E-02  -1.5085054934E-02
    3     -8.2702542712E-02   5.1782106558E-02   1.5184818319E-02   1.4479375838E-01  -7.7101893375E-02
    4      3.5266473943E-02  -7.5111681111E-02  -1.5085054934E-02  -7.7101893375E-02   7.8406022541E-02
    5      6.8865684887E-03  -1.1503711286E-02  -3.5322205301E-02  -1.5363508751E-02   5.9520702808E-03
    6     -7.4174453265E-02  -4.3458263783E-02   2.2089592261E-02  -3.3962865486E-02  -4.8221863565E-04
    7     -3.4867797773E-02  -6.9032191521E-02   1.3957589826E-02   2.4975616678E-03   1.0186394971E-02
    8      3.0877706048E-02   2.8122749012E-02  -4.9747243922E-02   1.6521536301E-02  -1.4159831360E-03
    9     -4.4910255910E-02  -1.4587625319E-03  -3.3541378931E-02  -1.9069277729E-02   1.5075990795E-02
   10      5.6888700613E-03  -3.6881608724E-02   1.3884810210E-02   1.6027442911E-02  -4.8748409566E-03
   11     -3.4336153244E-02  -3.1606469803E-03  -1.1129724666E-01  -1.6771546300E-02   1.1538575065E-02
   12     -5.1258551728E-02  -6.3233335626E-02  -3.6237433572E-02  -9.0428607884E-03   2.6938954876E-02
   13     -6.3140135466E-02  -2.5963934328E-01  -1.2946239818E-01   6.7103797678E-03  -8.7279765992E-03
   14     -3.6181036459E-02  -1.2946202039E-01  -1.0779412785E-01   4.9534342923E-04  -9.9125548313E-04
                    5                  6                  7                  8                  9        
    0      6.8865684887E-03  -7.4174453265E-02  -3.4867797773E-02   3.0877706048E-02  -4.4910255910E-02
    1     -1.1503711286E-02  -4.3458263783E-02  -6.9032191521E-02   2.8122749012E-02  -1.4587625319E-03
    2     -3.5322205301E-02   2.2089592261E-02   1.3957589826E-02  -4.9747243922E-02  -3.3541378931E-02
    3     -1.5363508751E-02  -3.3962865486E-02   2.4975616678E-03   1.6521536301E-02  -1.9069277729E-02
    4      5.9520702808E-03  -4.8221863565E-04   1.0186394971E-02  -1.4159831360E-03   1.5075990795E-02
    5      3.4726825895E-02   1.6808114132E-02  -2.6821229643E-03  -1.6471809795E-03  -1.9074271731E-02
    6      1.6808114132E-02   1.1024022560E-01   5.4009897138E-02  -6.0258830243E-02   7.6033403051E-03
    7     -2.6821229643E-03   5.4009897138E-02   6.9030616515E-02  -4.7408099530E-02  -2.6482383674E-03
    8     -1.6471809795E-03  -6.0258830243E-02  -4.7408099530E-02   7.8344038358E-02   1.0625106992E-02
    9     -1.9074271731E-02   7.6033403051E-03  -2.6482383674E-03   1.0625106992E-02   5.6152240899E-02
   10      1.3700839628E-02  -1.8395142134E-03  -3.5999418749E-03   1.9735133851E-02  -1.6095790506E-02
   11     -1.5211432923E-03   8.1863269447E-03   1.7697503124E-02  -2.9484864266E-02   5.3896616217E-02
   12      1.0858426612E-02  -9.6437521425E-03  -1.9289139272E-02   2.2251199326E-03  -2.3127987070E-04
   13     -5.3606225503E-03  -8.1037274251E-03  -6.4930605979E-03   1.2528574915E-03   5.1562255649E-03
   14      4.1347591190E-03   1.3360100226E-02   1.8183196718E-02   2.4671609542E-03  -1.1692002271E-02
                   10                 11                 12                 13                 14        
    0      5.6888700613E-03  -3.4336153244E-02  -5.1258551728E-02  -6.3140135466E-02  -3.6181036459E-02
    1     -3.6881608724E-02  -3.1606469803E-03  -6.3233335626E-02  -2.5963934328E-01  -1.2946202039E-01
    2      1.3884810210E-02  -1.1129724666E-01  -3.6237433572E-02  -1.2946239818E-01  -1.0779412785E-01
    3      1.6027442911E-02  -1.6771546300E-02  -9.0428607884E-03   6.7103797678E-03   4.9534342923E-04
    4     -4.8748409566E-03   1.1538575065E-02   2.6938954876E-02  -8.7279765992E-03  -9.9125548313E-04
    5      1.3700839628E-02  -1.5211432923E-03   1.0858426612E-02  -5.3606225503E-03   4.1347591190E-03
    6     -1.8395142134E-03   8.1863269447E-03  -9.6437521425E-03  -8.1037274251E-03   1.3360100226E-02
    7     -3.5999418749E-03   1.7697503124E-02  -1.9289139272E-02  -6.4930605979E-03   1.8183196718E-02
    8      1.9735133851E-02  -2.9484864266E-02   2.2251199326E-03   1.2528574915E-03   2.4671609542E-03
    9     -1.6095790506E-02   5.3896616217E-02  -2.3127987070E-04   5.1562255649E-03  -1.1692002271E-02
   10      3.6751821027E-02  -3.7798789438E-02  -3.8324254054E-03   8.7422957911E-03  -9.4911900405E-03
   11     -3.7798789438E-02   1.6444022916E-01  -1.0883041272E-02   1.1811075167E-02  -2.2164658260E-02
   12     -3.8324254054E-03  -1.0883041272E-02   7.0258923368E-02   5.9375001727E-02   3.4005073245E-02
   13      8.7422957911E-03   1.1811075167E-02   5.9375001727E-02   2.6614306249E-01   1.2174368275E-01
   14     -9.4911900405E-03  -2.2164658260E-02   3.4005073245E-02   1.2174368275E-01   1.2335851129E-01

$vibrational_frequencies
15
    0        0.000000
    1        0.000000
    2        0.000000
    3        0.000000
    4        0.000000
    5        0.000000
    6      254.600595
    7      255.069022
    8      362.218515
    9      665.694430
   10      740.881698
   11      741.450715
   12     1220.222915
   13     1220.683450
   14     3168.768938

$normal_modes
15 15
                    0                  1                  2                  3                  4        
    0      0.0000000000E+00   0.0000000000E+00   0.0000000000E+00   0.0000000000E+00   0.0000000000E+00
    1      0.0000000000E+00   0.0000000000E+00   0.0000000000E+00   0.0000000000E+00   0.0000000000E+00
    2      0.0000000000E+00   0.0000000000E+00   0.0000000000E+00   0.0000000000E+00   0.0000000000E+00
    3      0.0000000000E+00   0.0000000000E+00   0.0000000000E+00   0.0000000000E+00   0.0000000000E+00
    4      0.0000000000E+00   0.0000000000E+00   0.0000000000E+00   0.0000000000E+00   0.0000000000E+00
    5      0.0000000000E+00   0.0000000000E+00   0.0000000000E+00   0.0000000000E+00   0.0000000000E+00
    6      0.0000000000E+00   0.0000000000E+00   0.0000000000E+00   0.0000000000E+00   0.0000000000E+00
    7      0.0000000000E+00   0.0000000000E+00   0.0000000000E+00   0.0000000000E+00   0.0000000000E+00
    8      0.0000000000E+00   0.0000000000E+00   0.0000000000E+00   0.0000000000E+00   0.0000000000E+00
    9      0.0000000000E+00   0.0000000000E+00   0.0000000000E+00   0.0000000000E+00   0.0000000000E+00
   10      0.0000000000E+00   0.0000000000E+00   0.0000000000E+00   0.0000000000E+00   0.0000000000E+00
   11      0.0000000000E+00   0.0000000000E+00   0.0000000000E+00   0.0000000000E+00   0.0000000000E+00
   12      0.0000000000E+00   0.0000000000E+00   0.0000000000E+00   0.0000000000E+00   0.0000000000E+00
   13      0.0000000000E+00   0.0000000000E+00   0.0000000000E+00   0.0000000000E+00   0.0000000000E+00
   14      0.0000000000E+00   0.0000000000E+00   0.0000000000E+00   0.0000000000E+00   0.0000000000E+00
                    5                  6                  7                  8                  9        
    0      0.0000000000E+00  -2.6816246970E-01  -8.9710955491E-02   1.1362267906E-01  -1.5699127796E-01
    1      0.0000000000E+00   1.0134470467E-01  -1.1913453834E-01   4.0876788612E-01  -5.6664717593E-01
    2      0.0000000000E+00  -4.9395017711E-02   2.4906328867E-01   2.3560657015E-01  -3.2663978064E-01
    3      0.0000000000E+00  -4.3694750132E-01   4.3480386835E-02  -4.0352496513E-01  -8.6122215286E-02
    4      0.0000000000E+00   7.6600561873E-02   2.4313429067E-01   7.1742507640E-02   1.0263166279E-01
    5      0.0000000000E+00   2.0007877049E-02  -4.5293873615E-01  -5.1654031619E-02   3.4030610999E-02
    6      0.0000000000E+00   2.4134076121E-01  -4.0166162585E-01   2.4681454635E-01   8.9972164433E-02
    7      0.0000000000E+00  -2.6113159254E-01   2.1070924786E-02   4.6853828944E-02   9.5921741115E-02
    8      0.0000000000E+00   3.6163493947E-01   2.1537950110E-01  -3.2543042061E-01  -4.0718753775E-02
    9      0.0000000000E+00   2.9872261158E-01   3.9268472084E-01   1.1482479052E-01   5.4044748012E-02
   10      0.0000000000E+00   1.4554606281E-01  -2.1839659297E-01  -2.6916977629E-01   1.0188142276E-02
   11      0.0000000000E+00  -3.6268062191E-01   1.4174324197E-01   2.9030493767E-01   1.2699423996E-01
   12      0.0000000000E+00  -4.3141623770E-01  -1.4457703832E-01   1.1929482224E-01  -1.6559370916E-01
   13      0.0000000000E+00   1.6357422393E-01  -1.9159538981E-01   4.2516773591E-01  -5.8979643524E-01
   14      0.0000000000E+00  -7.8356277494E-02   4.0224726417E-01   2.4476549184E-01  -3.3922783561E-01
                   10                 11                 12                 13                 14        
    0     -4.7707329686E-01   5.8673121115E-01  -1.0547563608E-02   7.0382903595E-02  -2.0417696750E-02
    1      4.0069506884E-01   1.2273292641E-01   3.8267655775E-02  -9.2358422525E-03  -7.3079174135E-02
    2     -4.6532511761E-01  -4.9566230225E-01  -6.1677215410E-02  -1.7808885842E-02  -4.1857678477E-02
    3      1.0341897728E-01  -9.1555074517E-02  -1.4851615198E-03   2.1765508638E-03   7.5013527113E-05
    4     -8.7268546280E-02   5.6966518900E-02   2.7757627967E-03  -1.2437545925E-02   2.8980336281E-04
    5     -3.7864546222E-03   3.1946436073E-02   4.9027019238E-03  -4.5412111885E-03   1.6474137932E-04
    6     -1.5308954144E-03  -1.2059869739E-01   6.3576579121E-03   3.5371524174E-03   8.5609819066E-05
    7     -2.7861825299E-02  -9.1185735117E-02   6.6377131469E-03   1.0441918206E-02   2.9526883407E-04
    8      2.6314549864E-02   8.2430296164E-02   2.5537983625E-03   3.7183733679E-04   1.6119140814E-04
    9      7.0016934288E-02   7.2456642333E-04  -5.3806522680E-03  -2.3109274219E-03   8.1753436117E-05
   10     -2.9280680770E-02  -1.0036023914E-02  -7.5825233891E-03   1.4737574155E-03   2.8725095384E-04
   11      1.4517758422E-01   6.4245335657E-02  -1.0398153283E-02   3.2722362048E-03   1.7214726609E-04
   12     -3.6152893742E-01   4.4501095730E-01   1.4355400472E-01  -9.5834094011E-01   2.3476584484E-01
   13      3.0461961020E-01   9.4083183721E-02  -5.2038251432E-01   1.2840631859E-01   8.4010663479E-01
   14     -3.5381891495E-01  -3.7627803645E-01   8.3838835118E-01   2.4375867941E-01   4.8124419053E-01

#
# The atoms: label  mass x y z (in bohrs)
#
$atoms
5
 C     12.01100    -10.292536396208     5.348702894401    -0.094511103606
 Cl    35.45300    -13.117506867770     7.159558856291     0.223207337818
 Cl    35.45300     -7.994547990007     6.972150611344    -1.950696432637
 Cl    35.45300     -9.048547448325     4.479614234568     2.914904286505
 H      1.00800    -10.780169487770     3.605722213443    -1.092873852462

$actual_temperature
  0.000000

$frequency_scale_factor
  1.000000

$dipole_derivatives
15
    1.3538975112E+00   -2.2490062111E-01   -1.2931807475E-01
   -2.2339421712E-01    6.1377956718E-01   -4.5752176291E-01
   -1.2881703213E-01   -4.5921199181E-01    1.1537690567E+00
   -6.2240966046E-01    2.0069489392E-01    5.8311344310E-03
    2.9842154087E-01   -2.2413520832E-01    3.8964358023E-02
    5.5465603249E-02    1.9299068706E-02   -1.5246102168E-01
   -4.2850819857E-01   -1.0658780850E-01    2.7814518298E-01
   -1.6047620470E-01   -1.9612274379E-01    2.2072570206E-01
    2.2401483926E-01    1.3903251048E-01   -3.7445252892E-01
   -2.3963152841E-01    1.1384334267E-01   -1.6404204338E-01
    7.0373383878E-02   -1.8236384934E-01    1.6668637697E-01
   -1.6080730896E-01    2.7020795394E-01   -5.7682692363E-01
   -6.8293699529E-02    2.0724170673E-02    1.1992587290E-02
    1.3988486752E-02   -1.2035210516E-02    2.8658103631E-02
    8.1366796397E-03    2.8856660396E-02   -4.5579296699E-02

#
# The IR spectrum
#  wavenumber eps Int TX TY TZ
#
$ir_spectrum
15
      0.00   0.00000000   0.00000000     0.000000     0.000000     0.000000
      0.00   0.00000000   0.00000000     0.000000     0.000000     0.000000
      0.00   0.00000000   0.00000000     0.000000     0.000000     0.000000
      0.00   0.00000000   0.00000000     0.000000     0.000000     0.000000
      0.00   0.00000000   0.00000000     0.000000     0.000000     0.000000
      0.00   0.00000000   0.00000000     0.000000     0.000000     0.000000
    254.60   0.00001146   0.05790393    -0.003421     0.001221    -0.000924
    255.07   0.00001364   0.06891305    -0.001085    -0.001856     0.003473
    362.22   0.00009127   0.46124518     0.001980     0.007389     0.004484
    665.69   0.00143194   7.23641844    -0.005671    -0.021716    -0.012943
    740.88   0.03302996 166.91987617    -0.072211     0.060639    -0.070858
    741.45   0.03303121 166.92618761     0.088732     0.018642    -0.075375
   1220.22   0.00443076  22.39124560    -0.005115     0.017781    -0.028121
   1220.68   0.00506039  25.57313324     0.034347    -0.005684    -0.009035
   3168.77   0.00004410   0.22284219    -0.000834    -0.001648    -0.000965

$polarizability_derivatives
15
    8.0045088900E-01    7.7028853769E-01   -1.4679408073E+00   -1.6622417052E+00    3.5352397477E-01    1.3614206350E+00
   -1.7756411898E+00    1.3272626039E+00    8.1870546218E-01    8.0239951934E-01    1.3617808417E+00    1.3712035975E+00
    2.9194921372E-01    1.3077472921E+00   -1.3921191488E+00    1.3665727900E+00   -1.4320349932E+00    9.2667755225E-01
   -1.4004458688E+01   -9.8267514392E-01   -1.1911604419E+00    3.6987334106E+00    3.7181221821E-01    5.1624732581E-01
    2.0744606884E+00    5.2955368734E+00    8.5973511207E-01   -5.5315133632E+00    1.6852984431E-01   -3.3510053830E-01
    3.8809304455E-01   -1.1255104059E-01    4.5459300349E-01    1.9808135456E-01   -5.2910617979E+00    2.4244159834E+00
    9.8741908717E+00    5.6155668374E-01    1.8120675560E+00    2.2158047692E+00   -4.7048234902E+00   -7.2634504966E-01
    1.0875505490E+00    4.5737338289E+00    1.5394831370E+00    3.6568249831E+00   -5.4765650330E-01   -4.1364568405E+00
   -1.6866953075E+00   -6.9379265746E-01   -8.9637848947E+00   -3.8185665240E-01    4.7350123895E+00    3.0577056735E+00
    4.8785146141E+00    5.4799109101E-01    9.6606952606E-01   -2.6517562405E+00    5.1880577284E+00   -6.1302405185E-01
   -5.6946363887E-01   -4.6077203488E+00   -1.4579485720E+00    2.1881969662E+00   -4.4411318567E-01    5.3239280470E+00
    1.7633069513E+00    1.2750362977E+00    1.2620060827E+01   -6.3485801839E-01    2.3289496881E+00   -3.8591666052E+00
   -1.5489198327E+00   -8.9704440007E-01   -1.1948626869E-01   -1.6013509181E+00   -1.2084555498E+00   -5.3790190470E-01
   -8.1659888345E-01   -6.5886553764E+00   -1.7595563363E+00   -1.1158846629E+00   -5.3855142903E-01   -2.2236605465E+00
   -7.5709787528E-01   -1.7763487812E+00   -2.7205253333E+00   -5.4748486364E-01   -3.4156635443E-01   -2.5486637438E+00

#
# The Raman spectrum
#  wavenumber Activity Depolarization
#
$raman_spectrum
15
      0.00       0.0000       0.0000
      0.00       0.0000       0.0000
      0.00       0.0000       0.0000
      0.00       0.0000       0.0000
      0.00       0.0000       0.0000
      0.00       0.0000       0.0000
    254.60       5.1368       0.7500
    255.07       5.1255       0.7500
    362.22       8.6869       0.2449
    665.69       9.8028       0.0001
    740.88       3.0820       0.7500
    741.45       3.0698       0.7500
   1220.22       6.0431       0.7500
   1220.68       6.0469       0.7500
   3168.77      77.2844       0.2396


$end

